0 0.4348958333333333 0.44576719576719576 0.014136904761904762 0.0291005291005291
0 0.6041666666666666 0.43716931216931215 0.017857142857142856 0.03306878306878307
0 0.6443452380952381 0.43584656084656087 0.020833333333333332 0.03835978835978836
0 0.7176339285714286 0.4365079365079365 0.014136904761904762 0.023809523809523808
0 0.19791666666666666 0.4794973544973545 0.022321428571428572 0.046296296296296294
0 0.5539434523809523 0.4246031746031746 0.012648809523809524 0.026455026455026454
0 0.5647321428571429 0.44576719576719576 0.01636904761904762 0.031746031746031744
0 0.5956101190476191 0.4537037037037037 0.026041666666666668 0.05291005291005291
0 0.6145833333333334 0.4312169312169312 0.01636904761904762 0.026455026455026454
0 0.5818452380952381 0.47354497354497355 0.025297619047619048 0.04497354497354497
0 0.4460565476190476 0.4279100529100529 0.014136904761904762 0.03306878306878307
0 0.2853422619047619 0.4305555555555556 0.015625 0.022486772486772486
0 0.33556547619047616 0.44113756613756616 0.01488095238095238 0.03571428571428571
0 0.7589285714285714 0.4576719576719577 0.020833333333333332 0.047619047619047616
0 0.3470982142857143 0.4212962962962963 0.014136904761904762 0.02513227513227513
0 0.3195684523809524 0.42724867724867727 0.012648809523809524 0.023809523809523808
0 0.29910714285714285 0.5304232804232805 0.02976190476190476 0.05291005291005291
0 0.7172619047619048 0.4689153439153439 0.020833333333333332 0.04365079365079365
0 0.7049851190476191 0.4298941798941799 0.014136904761904762 0.0291005291005291
0 0.4181547619047619 0.4305555555555556 0.01488095238095238 0.027777777777777776
0 0.5706845238095238 0.43716931216931215 0.011904761904761904 0.027777777777777776
0 0.27641369047619047 0.48214285714285715 0.020089285714285716 0.041005291005291
0 0.2570684523809524 0.4417989417989418 0.01711309523809524 0.0291005291005291
0 0.19791666666666666 0.45171957671957674 0.017857142857142856 0.03306878306878307
0 0.6729910714285714 0.4305555555555556 0.018601190476190476 0.03306878306878307
0 0.8072916666666666 0.46164021164021163 0.022321428571428572 0.047619047619047616
0 0.7682291666666666 0.6276455026455027 0.04092261904761905 0.08333333333333333
0 0.7734375 0.5231481481481481 0.026041666666666668 0.046296296296296294
0 0.5271577380952381 0.4252645502645503 0.01711309523809524 0.03042328042328042
0 0.6421130952380952 0.46164021164021163 0.02976190476190476 0.05555555555555555
0 0.1488095238095238 0.4742063492063492 0.020833333333333332 0.03571428571428571
0 0.2853422619047619 0.453042328042328 0.020089285714285716 0.041005291005291
0 0.3865327380952381 0.42063492063492064 0.012648809523809524 0.026455026455026454
0 0.24553571428571427 0.4497354497354497 0.019345238095238096 0.031746031746031744
0 0.7146577380952381 0.531084656084656 0.03050595238095238 0.05952380952380952
0 0.37537202380952384 0.4437830687830688 0.014136904761904762 0.03042328042328042
0 0.31473214285714285 0.45105820105820105 0.01488095238095238 0.031746031746031744
0 0.29055059523809523 0.5978835978835979 0.04389880952380952 0.10052910052910052
0 0.5487351190476191 0.4576719576719577 0.01711309523809524 0.031746031746031744
0 0.9505208333333334 0.5231481481481481 0.034970238095238096 0.062169312169312166
0 0.13913690476190477 0.5324074074074074 0.03422619047619048 0.0701058201058201
0 0.0625 0.5370370370370371 0.03720238095238095 0.07671957671957672
0 0.3508184523809524 0.4576719576719577 0.015625 0.0291005291005291
0 0.018973214285714284 0.5178571428571429 0.03794642857142857 0.08068783068783068
0 0.39657738095238093 0.4669312169312169 0.023809523809523808 0.04497354497354497
0 0.20572916666666666 0.5522486772486772 0.03794642857142857 0.07539682539682539
0 0.8824032738095239 0.5737037037037037 0.08313988095238078 0.0539021164021164