0 0.72421875 0.4551148225469729 0.025 0.037578288100208766
0 0.437109375 0.5213987473903967 0.03203125 0.04697286012526096
0 0.747265625 0.48329853862212946 0.03671875 0.05845511482254697
0 0.5359375 0.5438413361169102 0.059375 0.081419624217119
0 0.525390625 0.4879958246346555 0.04140625 0.05741127348643006
0 0.4859375 0.6247390396659708 0.090625 0.1325678496868476
0 0.398046875 0.5177453027139874 0.05234375 0.07306889352818371
0 0.442578125 0.47964509394572025 0.03515625 0.05323590814196242
0 0.92734375 0.5542797494780793 0.065625 0.0918580375782881
0 0.3421875 0.6644050104384134 0.0859375 0.11795407098121086
0 0.966015625 0.44780793319415446 0.03359375 0.04592901878914405
0 0.68828125 0.4582463465553236 0.034375 0.04592901878914405