0 0.6465773809523809 0.5443121693121693 0.019345238095238096 0.03571428571428571
0 0.6242559523809523 0.544973544973545 0.013392857142857142 0.026455026455026454
0 0.18266369047619047 0.5787037037037037 0.015625 0.03042328042328042
0 0.44233630952380953 0.5317460317460317 0.014136904761904762 0.026455026455026454
0 0.17485119047619047 0.5945767195767195 0.022321428571428572 0.046296296296296294
0 0.5877976190476191 0.53505291005291 0.013392857142857142 0.022486772486772486
0 0.10305059523809523 0.5707671957671958 0.024553571428571428 0.041005291005291
0 0.6361607142857143 0.5462962962962963 0.01636904761904762 0.03439153439153439
0 0.5766369047619048 0.5456349206349206 0.011904761904761904 0.027777777777777776
0 0.27046130952380953 0.5529100529100529 0.020089285714285716 0.037037037037037035
0 0.5349702380952381 0.5621693121693122 0.017857142857142856 0.03439153439153439
0 0.5379464285714286 0.6190476190476191 0.026785714285714284 0.05026455026455026
0 0.41220238095238093 0.5304232804232805 0.013392857142857142 0.023809523809523808
0 0.08258928571428571 0.5687830687830688 0.025297619047619048 0.04497354497354497
0 0.7146577380952381 0.5767195767195767 0.024553571428571428 0.05291005291005291
0 0.2838541666666667 0.5456349206349206 0.015625 0.03042328042328042
0 0.35639880952380953 0.5403439153439153 0.01488095238095238 0.03042328042328042
0 0.3958333333333333 0.5317460317460317 0.011904761904761904 0.021164021164021163
0 0.7146577380952381 0.5337301587301587 0.014136904761904762 0.02513227513227513
0 0.5598958333333334 0.531084656084656 0.014136904761904762 0.02513227513227513
0 0.5215773809523809 0.548941798941799 0.01488095238095238 0.026455026455026454
0 0.7886904761904762 0.7678571428571429 0.06101190476190476 0.11772486772486772
0 0.21465773809523808 0.5529100529100529 0.01711309523809524 0.03439153439153439
0 0.7061011904761905 0.6388888888888888 0.02976190476190476 0.06084656084656084
0 0.6848958333333334 0.544973544973545 0.023065476190476192 0.04497354497354497
0 0.20907738095238096 0.5833333333333334 0.019345238095238096 0.03968253968253968
0 0.45610119047619047 0.5575396825396826 0.019345238095238096 0.04365079365079365
0 0.6071428571428571 0.5396825396825397 0.013392857142857142 0.026455026455026454
0 0.5930059523809523 0.5674603174603174 0.017857142857142856 0.042328042328042326
0 0.5011160714285714 0.5641534391534392 0.01711309523809524 0.03306878306878307
0 0.49032738095238093 0.5317460317460317 0.01488095238095238 0.023809523809523808
0 0.5554315476190477 0.5568783068783069 0.01711309523809524 0.031746031746031744
0 0.15252976190476192 0.5694444444444444 0.025297619047619048 0.04365079365079365
0 0.33296130952380953 0.5509259259259259 0.018601190476190476 0.041005291005291
0 0.6636904761904762 0.5687830687830688 0.01488095238095238 0.03439153439153439
0 0.09709821428571429 0.6203703703703703 0.03794642857142857 0.07142857142857142
0 0.23772321428571427 0.5681216931216931 0.015625 0.03042328042328042
0 0.7310267857142857 0.5482804232804233 0.01711309523809524 0.03571428571428571
0 0.3117559523809524 0.5482804232804233 0.013392857142857142 0.02513227513227513
0 0.3794642857142857 0.5370370370370371 0.01488095238095238 0.0291005291005291
0 0.6320684523809523 0.6375661375661376 0.033482142857142856 0.06878306878306878
0 0.45535714285714285 0.7023809523809523 0.050595238095238096 0.10846560846560846
0 0.47098214285714285 0.6203703703703703 0.03273809523809524 0.06084656084656084
0 0.5766369047619048 0.6772486772486772 0.047619047619047616 0.10052910052910052
0 0.27380952380952384 0.6818783068783069 0.047619047619047616 0.09391534391534391