0 0.5628720238095238 0.4212962962962963 0.012648809523809524 0.03042328042328042
0 0.7258184523809523 0.4027777777777778 0.015625 0.027777777777777776
0 0.47470238095238093 0.42394179894179895 0.013392857142857142 0.02513227513227513
0 0.8504464285714286 0.4021164021164021 0.01488095238095238 0.023809523809523808
0 0.8188244047619048 0.4027777777777778 0.014136904761904762 0.02513227513227513
0 0.8203125 0.43716931216931215 0.020089285714285716 0.03835978835978836
0 0.6640625 0.4398148148148148 0.026041666666666668 0.04894179894179894
0 0.09598214285714286 0.5171957671957672 0.03422619047619048 0.06349206349206349
0 0.5985863095238095 0.4444444444444444 0.021577380952380952 0.05026455026455026
0 0.7622767857142857 0.42063492063492064 0.026041666666666668 0.05291005291005291
0 0.34486607142857145 0.45965608465608465 0.015625 0.03571428571428571
0 0.7046130952380952 0.41534391534391535 0.01488095238095238 0.031746031746031744
0 0.5491071428571429 0.4093915343915344 0.013392857142857142 0.02513227513227513
0 0.43154761904761907 0.42394179894179895 0.013392857142857142 0.02513227513227513
0 0.6023065476190477 0.4054232804232804 0.014136904761904762 0.022486772486772486
0 0.21875 0.531084656084656 0.03422619047619048 0.06746031746031746
0 0.45498511904761907 0.44907407407407407 0.020089285714285716 0.04894179894179894
0 0.28869047619047616 0.48478835978835977 0.023809523809523808 0.046296296296296294
0 0.9281994047619048 0.40343915343915343 0.020089285714285716 0.037037037037037035
0 0.06101190476190476 0.5085978835978836 0.02976190476190476 0.04894179894179894
0 0.5145089285714286 0.41203703703703703 0.014136904761904762 0.027777777777777776
0 0.3742559523809524 0.45171957671957674 0.017857142857142856 0.041005291005291
0 0.4947916666666667 0.41335978835978837 0.011904761904761904 0.022486772486772486
0 0.8013392857142857 0.40476190476190477 0.01488095238095238 0.026455026455026454
0 0.9892113095238095 0.42394179894179895 0.021577380952380952 0.041005291005291
0 0.7741815476190477 0.4973544973544973 0.031994047619047616 0.06349206349206349
0 0.6893601190476191 0.4080687830687831 0.015625 0.027777777777777776
0 0.8668154761904762 0.3994708994708995 0.017857142857142856 0.037037037037037035
0 0.7909226190476191 0.44841269841269843 0.03125 0.0582010582010582
0 0.3865327380952381 0.4365079365079365 0.015625 0.031746031746031744
0 0.9534970238095238 0.43386243386243384 0.024553571428571428 0.05291005291005291
0 0.4836309523809524 0.4279100529100529 0.01636904761904762 0.027777777777777776
0 0.3318452380952381 0.49206349206349204 0.02976190476190476 0.05555555555555555
0 0.32254464285714285 0.4451058201058201 0.015625 0.022486772486772486
0 0.7247023809523809 0.4398148148148148 0.025297619047619048 0.04894179894179894
0 0.17894345238095238 0.47685185185185186 0.023065476190476192 0.046296296296296294
0 0.25186011904761907 0.4708994708994709 0.027529761904761904 0.05026455026455026
0 0.21391369047619047 0.4801587301587302 0.027529761904761904 0.05291005291005291
0 0.9668898809523809 0.5271164021164021 0.061755952380952384 0.10449735449735449
0 0.8500744047619048 0.6876190476190477 0.10490327380952365 0.2112169312169313
0 0.8950892857142857 0.39351851851851855 0.01636904761904762 0.03306878306878307
0 0.4181547619047619 0.4351851851851852 0.013392857142857142 0.026455026455026454
0 0.4739583333333333 0.6104497354497355 0.05803571428571429 0.0992063492063492
0 0.6781994047619048 0.5152116402116402 0.03943452380952381 0.07275132275132275
0 0.9047619047619048 0.4384920634920635 0.03273809523809524 0.06481481481481481