0 0.12369791666666667 0.4079861111111111 0.016493055555555556 0.024305555555555556
0 0.7404513888888888 0.46296296296296297 0.027777777777777776 0.03935185185185185
0 0.7083333333333334 0.3587962962962963 0.0625 0.08101851851851852
0 0.7890625 0.39872685185185186 0.015625 0.02199074074074074
0 0.2131076388888889 0.4461805555555556 0.016493055555555556 0.02662037037037037
0 0.07652777777777778 0.8074652777777778 0.13569444444444445 0.31718749999999996
0 0.1740451388888889 0.453125 0.049479166666666664 0.056712962962962965
0 0.7721354166666666 0.40335648148148145 0.019965277777777776 0.03125
0 0.9152170138888889 0.7519328703703704 0.1655034722222222 0.3272106481481482
0 0.8233506944444444 0.5364583333333334 0.08246527777777778 0.13078703703703703
0 0.6362847222222222 0.3929398148148148 0.019097222222222224 0.028935185185185185
0 0.4670138888888889 0.40046296296296297 0.024305555555555556 0.03935185185185185
0 0.5989583333333334 0.41377314814814814 0.020833333333333332 0.028935185185185185
0 0.024305555555555556 0.4832175925925926 0.04861111111111111 0.07291666666666667
0 0.2690972222222222 0.44155092592592593 0.03993055555555555 0.061342592592592594
0 0.5946180555555556 0.3940972222222222 0.015625 0.019675925925925927
0 0.39453125 0.40162037037037035 0.025173611111111112 0.034722222222222224
0 0.8767361111111112 0.49189814814814814 0.07118055555555555 0.10648148148148148
0 0.18359375 0.39814814814814814 0.030381944444444444 0.041666666666666664
0 0.9188368055555556 0.3993055555555556 0.028645833333333332 0.03935185185185185
0 0.5425347222222222 0.5815972222222222 0.09027777777777778 0.13541666666666666
0 0.7374131944444444 0.3958333333333333 0.021701388888888888 0.032407407407407406
0 0.3082986111111111 0.6090046296296295 0.13685763888888886 0.22726851851851848
0 0.8029513888888888 0.42824074074074076 0.027777777777777776 0.041666666666666664
0 0.4075520833333333 0.5040509259259259 0.0685763888888889 0.0798611111111111
0 0.23133680555555555 0.4045138888888889 0.026909722222222224 0.04050925925925926
0 0.86328125 0.3194444444444444 0.049479166666666664 0.0763888888888889
0 0.5316840277777778 0.4079861111111111 0.021701388888888888 0.03356481481481482
0 0.04991319444444445 0.41261574074074076 0.03732638888888889 0.04976851851851852
0 0.3459201388888889 0.44502314814814814 0.04600694444444445 0.061342592592592594
0 0.4370659722222222 0.4288194444444444 0.030381944444444444 0.04050925925925926
0 0.4700520833333333 0.48900462962962965 0.06163194444444445 0.08449074074074074
0 0.5846354166666666 0.46064814814814814 0.049479166666666664 0.07407407407407407
0 0.5625 0.40219907407407407 0.019097222222222224 0.02662037037037037