0 0.8776041666666666 0.4113756613756614 0.015625 0.0291005291005291
0 0.7053571428571429 0.4087301587301587 0.01488095238095238 0.026455026455026454
0 0.7168898809523809 0.3968253968253968 0.012648809523809524 0.023809523809523808
0 0.7790178571428571 0.3948412698412698 0.011904761904761904 0.01984126984126984
0 0.43080357142857145 0.4146825396825397 0.01488095238095238 0.027777777777777776
0 0.5345982142857143 0.414021164021164 0.01711309523809524 0.0291005291005291
0 0.3776041666666667 0.4503968253968254 0.01711309523809524 0.03835978835978836
0 0.6476934523809523 0.3941798941798942 0.011160714285714286 0.018518518518518517
0 0.5145089285714286 0.4146825396825397 0.014136904761904762 0.02513227513227513
0 0.2682291666666667 0.4444444444444444 0.018601190476190476 0.031746031746031744
0 0.7377232142857143 0.42857142857142855 0.020089285714285716 0.04497354497354497
0 0.8221726190476191 0.4001322751322751 0.01636904761904762 0.03042328042328042
0 0.46688988095238093 0.41534391534391535 0.011160714285714286 0.021164021164021163
0 0.44308035714285715 0.39814814814814814 0.012648809523809524 0.021164021164021163
0 0.5066964285714286 0.4021164021164021 0.01488095238095238 0.0291005291005291
0 0.7555803571428571 0.39880952380952384 0.01711309523809524 0.03571428571428571
0 0.6878720238095238 0.40343915343915343 0.014136904761904762 0.023809523809523808
0 0.5372023809523809 0.3968253968253968 0.01488095238095238 0.023809523809523808
0 0.3560267857142857 0.42724867724867727 0.020089285714285716 0.037037037037037035
0 0.36235119047619047 0.416005291005291 0.011904761904761904 0.02513227513227513
0 0.8883928571428571 0.4312169312169312 0.023809523809523808 0.047619047619047616
0 0.41703869047619047 0.4041005291005291 0.014136904761904762 0.02513227513227513
0 0.38950892857142855 0.4193121693121693 0.018601190476190476 0.0291005291005291
0 0.7894345238095238 0.41798941798941797 0.017857142857142856 0.03439153439153439
0 0.4133184523809524 0.42658730158730157 0.015625 0.03042328042328042
0 0.6439732142857143 0.43187830687830686 0.018601190476190476 0.03835978835978836
0 0.3943452380952381 0.4894179894179894 0.025297619047619048 0.047619047619047616
0 0.47693452380952384 0.39880952380952384 0.01488095238095238 0.027777777777777776
0 0.026413690476190476 0.5734126984126984 0.03943452380952381 0.07275132275132275
0 0.6610863095238095 0.4107142857142857 0.01711309523809524 0.03306878306878307
0 0.3165922619047619 0.5132275132275133 0.029017857142857144 0.05555555555555555
0 0.3158482142857143 0.4298941798941799 0.018601190476190476 0.031746031746031744
0 0.9453125 0.4351851851851852 0.031994047619047616 0.06084656084656084
0 0.08407738095238096 0.5912698412698413 0.07142857142857142 0.12962962962962962
0 0.3898809523809524 0.5588624338624338 0.044642857142857144 0.09656084656084656
0 0.8969494047619048 0.6111111111111112 0.046875 0.09523809523809523
0 0.44494047619047616 0.4305555555555556 0.017857142857142856 0.03306878306878307
0 0.26339285714285715 0.49867724867724866 0.03125 0.06084656084656084
0 0.6190476190476191 0.39880952380952384 0.01636904761904762 0.02513227513227513
0 0.8463541666666666 0.5324074074074074 0.036458333333333336 0.06746031746031746
0 0.6949404761904762 0.4365079365079365 0.020833333333333332 0.03968253968253968
0 0.14955357142857142 0.49007936507936506 0.03571428571428571 0.062169312169312166
0 0.9151785714285714 0.5013227513227513 0.02976190476190476 0.06084656084656084
0 0.20089285714285715 0.4966931216931217 0.03273809523809524 0.05952380952380952
0 0.8296130952380952 0.44047619047619047 0.026785714285714284 0.05291005291005291
0 0.48474702380952384 0.4398148148148148 0.01711309523809524 0.03835978835978836