0 0.72509765625 0.4830729166666667 0.0595703125 0.08333333333333333
0 0.39404296875 0.7727994791666667 0.12466796874999997 0.21401041666666676
0 0.84716796875 0.458984375 0.0654296875 0.08984375
0 0.05126953125 0.4557291666666667 0.0400390625 0.057291666666666664
0 0.330078125 0.4420572916666667 0.0234375 0.037760416666666664
0 0.1025390625 0.4498697916666667 0.021484375 0.03515625
0 0.45556640625 0.4466145833333333 0.0263671875 0.0390625
0 0.443359375 0.4205729166666667 0.01953125 0.0234375
0 0.36083984375 0.4231770833333333 0.0224609375 0.028645833333333332
0 0.80908203125 0.427734375 0.0263671875 0.037760416666666664
0 0.0166015625 0.4720052083333333 0.033203125 0.05859375
0 0.892578125 0.4401041666666667 0.029296875 0.046875
0 0.748046875 0.4322916666666667 0.04296875 0.057291666666666664
0 0.4267578125 0.4720052083333333 0.05859375 0.07942708333333333
0 0.68603515625 0.455078125 0.0830078125 0.08984375
0 0.13134765625 0.4446614583333333 0.0283203125 0.04296875
0 0.8486328125 0.4134114583333333 0.03125 0.045572916666666664
0 0.404296875 0.4296875 0.021484375 0.028645833333333332
0 0.34375 0.47265625 0.048828125 0.06770833333333333
0 0.29931640625 0.4251302083333333 0.0185546875 0.02734375
0 0.22998046875 0.4609375 0.0517578125 0.07552083333333333
0 0.63232421875 0.423828125 0.0263671875 0.037760416666666664
0 0.580078125 0.4609375 0.044921875 0.059895833333333336
0 0.27197265625 0.4322916666666667 0.0244140625 0.03125
0 0.056640625 0.6360677083333334 0.11328125 0.13932291666666666
0 0.57275390625 0.4212239583333333 0.0263671875 0.037760416666666664
0 0.22705078125 0.5670572916666666 0.0732421875 0.09244791666666667
0 0.9423828125 0.427734375 0.037109375 0.05078125
0 0.7314453125 0.6529947916666666 0.09375 0.13671875
0 0.16357421875 0.4459635416666667 0.0263671875 0.037760416666666664
0 0.5068359375 0.48828125 0.078125 0.08333333333333333