0 0.6696428571428571 0.4146825396825397 0.011904761904761904 0.02513227513227513
0 0.7027529761904762 0.4027777777777778 0.012648809523809524 0.022486772486772486
0 0.26860119047619047 0.4398148148148148 0.017857142857142856 0.03306878306878307
0 0.6543898809523809 0.39285714285714285 0.01711309523809524 0.026455026455026454
0 0.3861607142857143 0.40145502645502645 0.017857142857142856 0.03571428571428571
0 0.41220238095238093 0.4087301587301587 0.017857142857142856 0.031746031746031744
0 0.7593005952380952 0.4246031746031746 0.020089285714285716 0.03968253968253968
0 0.24888392857142858 0.45436507936507936 0.026041666666666668 0.051587301587301584
0 0.8084077380952381 0.419973544973545 0.021577380952380952 0.03571428571428571
0 0.017857142857142856 0.6111111111111112 0.03571428571428571 0.08465608465608465
0 0.8686755952380952 0.4503968253968254 0.029017857142857144 0.04894179894179894
0 0.5345982142857143 0.3941798941798942 0.020089285714285716 0.042328042328042326
0 0.5126488095238095 0.5436507936507936 0.044642857142857144 0.08994708994708994
0 0.5219494047619048 0.47354497354497355 0.036458333333333336 0.06613756613756613
0 0.9151785714285714 0.453042328042328 0.02976190476190476 0.05423280423280423
0 0.13430059523809523 0.6058201058201058 0.07068452380952381 0.1402116402116402
0 0.12388392857142858 0.4947089947089947 0.036458333333333336 0.06349206349206349
0 0.7886904761904762 0.47883597883597884 0.03422619047619048 0.06349206349206349
0 0.5732886904761905 0.5198412698412699 0.03794642857142857 0.07142857142857142
0 0.5959821428571429 0.4298941798941799 0.025297619047619048 0.047619047619047616
0 0.17447916666666666 0.4642857142857143 0.027529761904761904 0.047619047619047616
0 0.9828869047619048 0.4894179894179894 0.03422619047619048 0.07671957671957672
0 0.6298363095238095 0.42394179894179895 0.026041666666666668 0.04365079365079365
0 0.20982142857142858 0.44047619047619047 0.025297619047619048 0.047619047619047616
0 0.7321428571428571 0.5085978835978836 0.04017857142857143 0.0701058201058201
0 0.22358630952380953 0.5145502645502645 0.036458333333333336 0.07407407407407407