0 0.5967261904761905 0.6402116402116402 0.043154761904761904 0.07936507936507936
0 0.3132440476190476 0.5522486772486772 0.017857142857142856 0.03571428571428571
0 0.1134672619047619 0.7248677248677249 0.04092261904761905 0.07407407407407407
0 0.5818452380952381 0.5416666666666666 0.01636904761904762 0.03042328042328042
0 0.24888392857142858 0.5297619047619048 0.01711309523809524 0.03042328042328042
0 0.09114583333333333 0.578042328042328 0.03050595238095238 0.05291005291005291
0 0.7243303571428571 0.548941798941799 0.021577380952380952 0.03968253968253968
0 0.7976190476190477 0.5906084656084656 0.03273809523809524 0.062169312169312166
0 0.5331101190476191 0.5257936507936508 0.01711309523809524 0.03571428571428571
0 0.03757440476190476 0.6084656084656085 0.033482142857142856 0.06613756613756613
0 0.09598214285714286 0.6223544973544973 0.03125 0.05952380952380952
0 0.5643601190476191 0.533068783068783 0.01711309523809524 0.0291005291005291
0 0.5022321428571429 0.5291005291005291 0.017857142857142856 0.03968253968253968
0 0.24851190476190477 0.5667989417989417 0.028273809523809524 0.051587301587301584
0 0.3400297619047619 0.5357142857142857 0.019345238095238096 0.037037037037037035
0 0.1949404761904762 0.5390211640211641 0.01636904761904762 0.027777777777777776
0 0.6982886904761905 0.5515873015873016 0.01711309523809524 0.037037037037037035
0 0.5974702380952381 0.5218253968253969 0.017857142857142856 0.03306878306878307
0 0.23251488095238096 0.626984126984127 0.027529761904761904 0.0582010582010582
0 0.875 0.6884920634920635 0.044642857142857144 0.08862433862433862
0 0.20386904761904762 0.5740740740740741 0.026785714285714284 0.05026455026455026
0 0.7965029761904762 0.6765873015873016 0.04241071428571429 0.08862433862433862
0 0.052083333333333336 0.5701058201058201 0.025297619047619048 0.05026455026455026
0 0.15513392857142858 0.5582010582010583 0.031994047619047616 0.06084656084656084
0 0.47953869047619047 0.5687830687830688 0.027529761904761904 0.05555555555555555
0 0.8768601190476191 0.7870370370370371 0.05580357142857143 0.1164021164021164
0 0.8586309523809523 0.6203703703703703 0.03422619047619048 0.06084656084656084
0 0.7209821428571429 0.5753968253968254 0.028273809523809524 0.06084656084656084
0 0.3913690476190476 0.6944444444444444 0.041666666666666664 0.07936507936507936
0 0.16852678571428573 0.6170634920634921 0.03050595238095238 0.05952380952380952
0 0.7756696428571429 0.6117724867724867 0.04092261904761905 0.0701058201058201
0 0.0818452380952381 0.6851851851851852 0.043154761904761904 0.07671957671957672
0 0.6711309523809523 0.6091269841269841 0.023809523809523808 0.046296296296296294
0 0.21986607142857142 0.5443121693121693 0.018601190476190476 0.03571428571428571
0 0.48921130952380953 0.6527777777777778 0.04538690476190476 0.08862433862433862
0 0.6510416666666666 0.5324074074074074 0.01636904761904762 0.03835978835978836
0 0.6860119047619048 0.6607142857142857 0.04017857142857143 0.08068783068783068
0 0.5788690476190477 0.5753968253968254 0.022321428571428572 0.047619047619047616
0 0.6726190476190477 0.5462962962962963 0.017857142857142856 0.037037037037037035
0 0.5182291666666666 0.6130952380952381 0.034970238095238096 0.06746031746031746
0 0.5279017857142857 0.5707671957671958 0.023065476190476192 0.046296296296296294
0 0.5837053571428571 0.6779100529100529 0.04241071428571429 0.08597883597883597
0 0.6209077380952381 0.548941798941799 0.020089285714285716 0.037037037037037035
0 0.27566964285714285 0.5337301587301587 0.020089285714285716 0.03835978835978836
0 0.6101190476190477 0.6130952380952381 0.03125 0.06746031746031746
0 0.39211309523809523 0.8134920634920635 0.06845238095238096 0.12698412698412698
0 0.49255952380952384 0.7817460317460317 0.049107142857142856 0.10846560846560846
0 0.7719494047619048 0.8009259259259259 0.07366071428571429 0.14417989417989419