0 0.5758928571428571 0.5674603174603174 0.03720238095238095 0.07407407407407407
0 0.21279761904761904 0.45634920634920634 0.026785714285714284 0.05291005291005291
0 0.5174851190476191 0.5099206349206349 0.027529761904761904 0.051587301587301584
0 0.9910714285714286 0.5509259259259259 0.017857142857142856 0.051587301587301584
0 0.9438244047619048 0.46164021164021163 0.023065476190476192 0.042328042328042326
0 0.07924107142857142 0.5866402116402116 0.04092261904761905 0.07275132275132275
0 0.5558035714285714 0.4166666666666667 0.017857142857142856 0.037037037037037035
0 0.9181547619047619 0.4794973544973545 0.022321428571428572 0.04894179894179894
0 0.6424851190476191 0.41335978835978837 0.01711309523809524 0.02513227513227513
0 0.3638392857142857 0.43253968253968256 0.01488095238095238 0.0291005291005291
0 0.3947172619047619 0.4417989417989418 0.023065476190476192 0.04497354497354497
0 0.34337797619047616 0.44113756613756616 0.018601190476190476 0.03835978835978836
0 0.31882440476190477 0.4332010582010582 0.018601190476190476 0.03306878306878307
0 0.7712053571428571 0.42724867724867727 0.018601190476190476 0.03439153439153439
0 0.18452380952380953 0.48412698412698413 0.028273809523809524 0.05291005291005291
0 0.6614583333333334 0.44841269841269843 0.03422619047619048 0.06878306878306878
0 0.3541666666666667 0.5211640211640212 0.02976190476190476 0.0582010582010582
0 0.7313988095238095 0.42658730158730157 0.01636904761904762 0.03835978835978836
0 0.7957589285714286 0.42658730158730157 0.015625 0.03571428571428571
0 0.5788690476190477 0.416005291005291 0.01488095238095238 0.03042328042328042
0 0.9728422619047619 0.4808201058201058 0.033482142857142856 0.062169312169312166
0 0.44419642857142855 0.5152116402116402 0.026785714285714284 0.05423280423280423
0 0.44308035714285715 0.43716931216931215 0.024553571428571428 0.046296296296296294
0 0.18303571428571427 0.6137566137566137 0.046130952380952384 0.08994708994708994
0 0.5926339285714286 0.43783068783068785 0.015625 0.03439153439153439
0 0.7057291666666666 0.4305555555555556 0.015625 0.03042328042328042
0 0.8530505952380952 0.44841269841269843 0.029017857142857144 0.05291005291005291
0 0.30654761904761907 0.455026455026455 0.025297619047619048 0.047619047619047616
0 0.28869047619047616 0.5152116402116402 0.03125 0.05952380952380952
0 0.6889880952380952 0.41798941798941797 0.01636904761904762 0.03439153439153439
0 0.8664434523809523 0.5734126984126984 0.04538690476190476 0.08597883597883597
0 0.3080357142857143 0.5965608465608465 0.028273809523809524 0.0582010582010582
0 0.6309523809523809 0.4398148148148148 0.019345238095238096 0.03571428571428571
0 0.26413690476190477 0.4451058201058201 0.020833333333333332 0.03571428571428571
0 0.5026041666666666 0.576058201058201 0.04092261904761905 0.07804232804232804
0 0.4010416666666667 0.5912698412698413 0.03720238095238095 0.07407407407407407
0 0.9248511904761905 0.5575396825396826 0.03869047619047619 0.08333333333333333
0 0.7157738095238095 0.4662698412698413 0.023809523809523808 0.04894179894179894
0 0.4211309523809524 0.4728835978835979 0.026785714285714284 0.05423280423280423
0 0.8772321428571429 0.4894179894179894 0.02976190476190476 0.06084656084656084
0 0.35714285714285715 0.4775132275132275 0.03273809523809524 0.05555555555555555
0 0.7641369047619048 0.4623015873015873 0.025297619047619048 0.04894179894179894
0 0.28125 0.42658730158730157 0.017857142857142856 0.041005291005291
0 0.7008928571428571 0.7136243386243386 0.05803571428571429 0.10714285714285714
0 0.6209077380952381 0.7341269841269841 0.06324404761904762 0.1349206349206349
0 0.3366815476190476 0.7962962962962963 0.07068452380952381 0.13756613756613756
0 0.8162202380952381 0.49537037037037035 0.03125 0.07275132275132275
0 0.14471726190476192 0.7923280423280423 0.08407738095238096 0.17724867724867724