0 0.5755208333333334 0.5590277777777778 0.022569444444444444 0.03009259259259259
0 0.3854166666666667 0.5798611111111112 0.019097222222222224 0.03009259259259259
0 0.9552951388888888 0.65625 0.08940972222222222 0.13194444444444445
0 0.3227777777777778 0.7822337962962963 0.17330729166666664 0.25659722222222225
0 0.7191840277777778 0.5648148148148148 0.016493055555555556 0.020833333333333332
0 0.58984375 0.5619212962962963 0.016493055555555556 0.024305555555555556
0 0.5716145833333334 0.5787037037037037 0.028645833333333332 0.04398148148148148
0 0.6302083333333334 0.5694444444444444 0.027777777777777776 0.034722222222222224
0 0.4969618055555556 0.5659722222222222 0.019965277777777776 0.027777777777777776
0 0.6514756944444444 0.5659722222222222 0.019965277777777776 0.027777777777777776
0 0.8224826388888888 0.6359953703703703 0.07899305555555555 0.11226851851851852
0 0.32421875 0.5648148148148148 0.016493055555555556 0.032407407407407406
0 0.3763020833333333 0.5532407407407407 0.018229166666666668 0.02546296296296296
0 0.4032118055555556 0.5648148148148148 0.026909722222222224 0.03935185185185185
0 0.013454861111111112 0.5665509259259259 0.026909722222222224 0.04282407407407408
0 0.5520833333333334 0.7048611111111112 0.10590277777777778 0.12037037037037036
0 0.03530381944444445 0.7718055555555556 0.07059895833333335 0.2959606481481482
0 0.1410590277777778 0.5596064814814815 0.028645833333333332 0.04282407407407408
0 0.2894965277777778 0.5896990740740741 0.04079861111111111 0.061342592592592594
0 0.6857638888888888 0.5775462962962963 0.03125 0.04861111111111111
0 0.2131076388888889 0.5920138888888888 0.04600694444444445 0.07060185185185185
0 0.7439236111111112 0.5885416666666666 0.03125 0.04513888888888889
0 0.7135416666666666 0.5804398148148148 0.019097222222222224 0.02662037037037037
0 0.10894097222222222 0.6134259259259259 0.07899305555555555 0.12037037037037036
0 0.4318576388888889 0.6238425925925926 0.05642361111111111 0.08333333333333333
0 0.4635416666666667 0.5700231481481481 0.026041666666666668 0.03819444444444445