0 0.7909226190476191 0.37367724867724866 0.011904761904761904 0.017195767195767195
0 0.8251488095238095 0.39351851851851855 0.019345238095238096 0.041005291005291
0 0.8106398809523809 0.37433862433862436 0.012648809523809524 0.023809523809523808
0 0.45535714285714285 0.455026455026455 0.026785714285714284 0.06084656084656084
0 0.9546130952380952 0.4021164021164021 0.022321428571428572 0.04497354497354497
0 0.46056547619047616 0.3855820105820106 0.017857142857142856 0.03571428571428571
0 0.29092261904761907 0.4126984126984127 0.026785714285714284 0.04497354497354497
0 0.5093005952380952 0.3723544973544973 0.01711309523809524 0.027777777777777776
0 0.9356398809523809 0.4305555555555556 0.026041666666666668 0.04894179894179894
0 0.8656994047619048 0.39087301587301587 0.018601190476190476 0.03306878306878307
0 0.7321428571428571 0.3948412698412698 0.022321428571428572 0.03835978835978836
0 0.6372767857142857 0.4603174603174603 0.031994047619047616 0.06084656084656084
0 0.6912202380952381 0.37566137566137564 0.019345238095238096 0.037037037037037035
0 0.3976934523809524 0.3776455026455027 0.015625 0.03042328042328042
0 0.15476190476190477 0.49603174603174605 0.03869047619047619 0.07407407407407407
0 0.38876488095238093 0.5191798941798942 0.033482142857142856 0.062169312169312166
0 0.5093005952380952 0.3955026455026455 0.018601190476190476 0.042328042328042326
0 0.5319940476190477 0.41335978835978837 0.026785714285714284 0.051587301587301584
0 0.8772321428571429 0.42592592592592593 0.028273809523809524 0.05555555555555555
0 0.3013392857142857 0.455026455026455 0.043154761904761904 0.09259259259259259
0 0.46688988095238093 0.4146825396825397 0.026041666666666668 0.051587301587301584
0 0.4817708333333333 0.3855820105820106 0.014136904761904762 0.027777777777777776
0 0.8444940476190477 0.37566137566137564 0.019345238095238096 0.031746031746031744
0 0.32663690476190477 0.3994708994708995 0.028273809523809524 0.0582010582010582
0 0.3790922619047619 0.4444444444444444 0.03050595238095238 0.06084656084656084
0 0.8125 0.41005291005291006 0.03422619047619048 0.06349206349206349
0 0.6116071428571429 0.5238095238095238 0.047619047619047616 0.09788359788359788
0 0.8549107142857143 0.7156084656084656 0.08482142857142858 0.15079365079365079
0 0.9002976190476191 0.39087301587301587 0.020833333333333332 0.03835978835978836
0 0.7254464285714286 0.5376984126984127 0.047619047619047616 0.09391534391534391
0 0.7120535714285714 0.376984126984127 0.019345238095238096 0.037037037037037035
0 0.5636160714285714 0.39087301587301587 0.024553571428571428 0.046296296296296294
0 0.4166666666666667 0.39087301587301587 0.019345238095238096 0.03835978835978836
0 0.43936011904761907 0.38756613756613756 0.015625 0.031746031746031744
0 0.25223214285714285 0.5284391534391535 0.050595238095238096 0.08862433862433862
0 0.49032738095238093 0.5277777777777778 0.041666666666666664 0.082010582010582
0 0.5465029761904762 0.4583333333333333 0.033482142857142856 0.06746031746031746
0 0.3671875 0.6898148148148148 0.08705357142857142 0.167989417989418
0 0.3787202380952381 0.3888888888888889 0.01636904761904762 0.03439153439153439
0 0.9825148809523809 0.3955026455026455 0.024553571428571428 0.047619047619047616
0 0.7503720238095238 0.7076719576719577 0.08854166666666667 0.1402116402116402
0 0.11383928571428571 0.6937830687830688 0.09375 0.18386243386243387
0 0.7779017857142857 0.3915343915343915 0.020089285714285716 0.04497354497354497