0 0.5055803571428571 0.5191798941798942 0.026041666666666668 0.046296296296296294
0 0.9118303571428571 0.43386243386243384 0.01711309523809524 0.0291005291005291
0 0.8552827380952381 0.4834656084656085 0.04092261904761905 0.07539682539682539
0 0.6681547619047619 0.4305555555555556 0.023809523809523808 0.04365079365079365
0 0.7079613095238095 0.4279100529100529 0.015625 0.03306878306878307
0 0.6454613095238095 0.4080687830687831 0.015625 0.027777777777777776
0 0.22023809523809523 0.4689153439153439 0.025297619047619048 0.056878306878306875
0 0.21279761904761904 0.44246031746031744 0.022321428571428572 0.041005291005291
0 0.6529017857142857 0.45436507936507936 0.023065476190476192 0.051587301587301584
0 0.5587797619047619 0.4087301587301587 0.017857142857142856 0.03439153439153439
0 0.7686011904761905 0.42923280423280424 0.01636904761904762 0.04365079365079365
0 0.9304315476190477 0.4576719576719577 0.024553571428571428 0.04497354497354497
0 0.06473214285714286 0.6025132275132276 0.03720238095238095 0.07539682539682539
0 0.19791666666666666 0.5343915343915344 0.04017857142857143 0.07407407407407407
0 0.5930059523809523 0.43386243386243384 0.01636904761904762 0.03439153439153439
0 0.3679315476190476 0.42724867724867727 0.015625 0.0291005291005291
0 0.18229166666666666 0.48148148148148145 0.03273809523809524 0.0582010582010582
0 0.8645833333333334 0.5205026455026455 0.03869047619047619 0.07804232804232804
0 0.4445684523809524 0.4298941798941799 0.024553571428571428 0.03968253968253968
0 0.5788690476190477 0.4093915343915344 0.01636904761904762 0.02513227513227513
0 0.41889880952380953 0.46825396825396826 0.02976190476190476 0.05555555555555555
0 0.9520089285714286 0.48412698412698413 0.027529761904761904 0.0582010582010582
0 0.3947172619047619 0.4166666666666667 0.021577380952380952 0.03968253968253968
0 0.2849702380952381 0.42328042328042326 0.017857142857142856 0.03968253968253968
0 0.34375 0.43915343915343913 0.019345238095238096 0.03968253968253968
0 0.43154761904761907 0.5191798941798942 0.03125 0.06481481481481481
0 0.26376488095238093 0.43915343915343913 0.020089285714285716 0.037037037037037035
0 0.7983630952380952 0.42394179894179895 0.019345238095238096 0.03306878306878307
0 0.27529761904761907 0.5244708994708994 0.028273809523809524 0.05952380952380952
0 0.6383928571428571 0.7427248677248677 0.05803571428571429 0.10185185185185185
0 0.6889880952380952 0.4080687830687831 0.01488095238095238 0.03306878306878307
0 0.37797619047619047 0.6044973544973545 0.03422619047619048 0.07407407407407407
0 0.2864583333333333 0.5998677248677249 0.03125 0.06481481481481481
0 0.16183035714285715 0.6216931216931217 0.05133928571428571 0.0873015873015873
0 0.3080357142857143 0.4503968253968254 0.023809523809523808 0.04894179894179894
0 0.8452380952380952 0.44576719576719576 0.026785714285714284 0.047619047619047616
0 0.32254464285714285 0.42592592592592593 0.018601190476190476 0.03439153439153439
0 0.3556547619047619 0.4708994708994709 0.026785714285714284 0.0582010582010582
0 0.8273809523809523 0.5787037037037037 0.047619047619047616 0.08862433862433862
0 0.34263392857142855 0.5251322751322751 0.029017857142857144 0.0582010582010582
0 0.9084821428571429 0.4887566137566138 0.03273809523809524 0.062169312169312166
0 0.7098214285714286 0.460978835978836 0.022321428571428572 0.04894179894179894
0 0.9773065476190477 0.5687830687830688 0.04092261904761905 0.082010582010582
0 0.47879464285714285 0.583994708994709 0.036458333333333336 0.06481481481481481
0 0.5729166666666666 0.7526455026455027 0.0625 0.1164021164021164
0 0.6320684523809523 0.42724867724867727 0.020089285714285716 0.037037037037037035
0 0.27380952380952384 0.8134920634920635 0.07142857142857142 0.1455026455026455
0 0.7537202380952381 0.46296296296296297 0.023809523809523808 0.047619047619047616
0 0.7961309523809523 0.49603174603174605 0.026785714285714284 0.0582010582010582
0 0.5572916666666666 0.5846560846560847 0.03869047619047619 0.07671957671957672
0 0.7321428571428571 0.42724867724867727 0.019345238095238096 0.037037037037037035
0 0.09412202380952381 0.8115079365079365 0.078125 0.15476190476190477