0 0.8400297619047619 0.5099206349206349 0.019345238095238096 0.03835978835978836
0 0.026413690476190476 0.47619047619047616 0.027529761904761904 0.05291005291005291
0 0.6067708333333334 0.44907407407407407 0.014136904761904762 0.03042328042328042
0 0.1875 0.41005291005291006 0.01636904761904762 0.0291005291005291
0 0.09300595238095238 0.4312169312169312 0.025297619047619048 0.047619047619047616
0 0.35044642857142855 0.5317460317460317 0.03720238095238095 0.0582010582010582
0 0.5572916666666666 0.41865079365079366 0.019345238095238096 0.03571428571428571
0 0.6752232142857143 0.4537037037037037 0.01711309523809524 0.037037037037037035
0 0.27306547619047616 0.5337301587301587 0.03571428571428571 0.05952380952380952
0 0.6026785714285714 0.419973544973545 0.017857142857142856 0.03835978835978836
0 0.18415178571428573 0.5264550264550265 0.03050595238095238 0.06084656084656084
0 0.7380952380952381 0.4755291005291005 0.02976190476190476 0.056878306878306875
0 0.7235863095238095 0.5178571428571429 0.029017857142857144 0.05423280423280423
0 0.8154761904761905 0.48544973544973546 0.028273809523809524 0.05026455026455026
0 0.10602678571428571 0.53505291005291 0.03794642857142857 0.07804232804232804
0 0.019717261904761904 0.5158730158730159 0.03943452380952381 0.07936507936507936
0 0.3084077380952381 0.416005291005291 0.020089285714285716 0.04365079365079365
0 0.7938988095238095 0.5291005291005291 0.02976190476190476 0.0582010582010582
0 0.8545386904761905 0.5588624338624338 0.04389880952380952 0.07804232804232804
0 0.6387648809523809 0.48544973544973546 0.024553571428571428 0.05555555555555555
0 0.5230654761904762 0.42923280423280424 0.017857142857142856 0.03835978835978836
0 0.2191220238095238 0.421957671957672 0.020089285714285716 0.03968253968253968
0 0.8950892857142857 0.5125661375661376 0.028273809523809524 0.04894179894179894
0 0.29501488095238093 0.43783068783068785 0.018601190476190476 0.042328042328042326
0 0.35342261904761907 0.4708994708994709 0.025297619047619048 0.047619047619047616
0 0.5364583333333334 0.4689153439153439 0.026785714285714284 0.05423280423280423
0 0.050595238095238096 0.6223544973544973 0.050595238095238096 0.09656084656084656
0 0.18638392857142858 0.4351851851851852 0.018601190476190476 0.042328042328042326
0 0.23325892857142858 0.44576719576719576 0.018601190476190476 0.03968253968253968
0 0.16666666666666666 0.45965608465608465 0.02976190476190476 0.056878306878306875
0 0.2630208333333333 0.4173280423280423 0.021577380952380952 0.03835978835978836
0 0.6458333333333334 0.44775132275132273 0.019345238095238096 0.03306878306878307
0 0.9780505952380952 0.5793650793650794 0.04389880952380952 0.07407407407407407
0 0.2883184523809524 0.6051587301587301 0.04538690476190476 0.08862433862433862
0 0.7034970238095238 0.44312169312169314 0.020089285714285716 0.03439153439153439
0 0.27938988095238093 0.4722222222222222 0.029017857142857144 0.05555555555555555
0 0.49404761904761907 0.4437830687830688 0.01636904761904762 0.03571428571428571
0 0.9334077380952381 0.5641534391534392 0.03794642857142857 0.07275132275132275
0 0.21651785714285715 0.4794973544973545 0.03125 0.062169312169312166
0 0.8597470238095238 0.7162698412698413 0.07663690476190477 0.13624338624338625
0 0.6529017857142857 0.6124338624338624 0.04836309523809524 0.0873015873015873
0 0.5703125 0.44642857142857145 0.01711309523809524 0.041005291005291
0 0.4720982142857143 0.419973544973545 0.018601190476190476 0.03835978835978836
0 0.8069196428571429 0.5886243386243386 0.04241071428571429 0.082010582010582
0 0.14174107142857142 0.4312169312169312 0.023065476190476192 0.03968253968253968
0 0.7347470238095238 0.5773809523809523 0.04241071428571429 0.08068783068783068
0 0.08630952380952381 0.47685185185185186 0.03422619047619048 0.05952380952380952
0 0.6588541666666666 0.5231481481481481 0.029017857142857144 0.05952380952380952
0 0.34337797619047616 0.8068783068783069 0.058779761904761904 0.10846560846560846
0 0.5874255952380952 0.48544973544973546 0.024553571428571428 0.05026455026455026
0 0.3333333333333333 0.43783068783068785 0.022321428571428572 0.042328042328042326
0 0.16257440476190477 0.623015873015873 0.04092261904761905 0.082010582010582
0 0.38430059523809523 0.6203703703703703 0.03794642857142857 0.07407407407407407
0 0.27455357142857145 0.78505291005291 0.05803571428571429 0.12037037037037036
0 0.8954910714285714 0.7186243386243386 0.05933035714285698 0.1356613756613756