0 0.25632440476190477 0.47354497354497355 0.020089285714285716 0.04497354497354497
0 0.16815476190476192 0.44775132275132273 0.01488095238095238 0.027777777777777776
0 0.2611607142857143 0.44576719576719576 0.017857142857142856 0.031746031746031744
0 0.12239583333333333 0.541005291005291 0.029017857142857144 0.06349206349206349
0 0.14955357142857142 0.49272486772486773 0.020833333333333332 0.03835978835978836
0 0.053943452380952384 0.533068783068783 0.027529761904761904 0.05555555555555555
0 0.6153273809523809 0.49206349206349204 0.017857142857142856 0.037037037037037035
0 0.21019345238095238 0.4689153439153439 0.020089285714285716 0.041005291005291
0 0.43936011904761907 0.501984126984127 0.021577380952380952 0.03835978835978836
0 0.6276041666666666 0.5198412698412699 0.021577380952380952 0.042328042328042326
0 0.09598214285714286 0.48544973544973546 0.019345238095238096 0.03968253968253968
0 0.48139880952380953 0.4708994708994709 0.013392857142857142 0.0291005291005291
0 0.41220238095238093 0.4748677248677249 0.01636904761904762 0.03439153439153439
0 0.7340029761904762 0.5522486772486772 0.029017857142857144 0.056878306878306875
0 0.19308035714285715 0.45701058201058203 0.01711309523809524 0.03835978835978836
0 0.47061011904761907 0.44642857142857145 0.015625 0.02513227513227513
0 0.6499255952380952 0.5482804232804233 0.026041666666666668 0.051587301587301584
0 0.12872023809523808 0.4623015873015873 0.019345238095238096 0.03306878306878307
0 0.16331845238095238 0.4675925925925926 0.021577380952380952 0.041005291005291
0 0.5784970238095238 0.4728835978835979 0.024553571428571428 0.04894179894179894
0 0.5003720238095238 0.4742063492063492 0.018601190476190476 0.03835978835978836
0 0.5398065476190477 0.4828042328042328 0.024553571428571428 0.042328042328042326
0 0.43005952380952384 0.45965608465608465 0.017857142857142856 0.03835978835978836
0 0.24069940476190477 0.458994708994709 0.01711309523809524 0.031746031746031744
0 0.5223214285714286 0.4523809523809524 0.01636904761904762 0.031746031746031744
0 0.25595238095238093 0.6177248677248677 0.049107142857142856 0.09523809523809523
0 0.6897321428571429 0.5251322751322751 0.03571428571428571 0.06349206349206349
0 0.05617559523809524 0.4748677248677249 0.031994047619047616 0.06084656084656084
0 0.7321428571428571 0.623015873015873 0.046130952380952384 0.09523809523809523
0 0.45349702380952384 0.4828042328042328 0.01711309523809524 0.042328042328042326
0 0.1015625 0.458994708994709 0.018601190476190476 0.037037037037037035
0 0.6618303571428571 0.6124338624338624 0.04092261904761905 0.08465608465608465
0 0.8333333333333334 0.6984126984126984 0.0625 0.11375661375661375
0 0.7068452380952381 0.716931216931217 0.05803571428571429 0.12433862433862433
0 0.3869047619047619 0.4933862433862434 0.026785714285714284 0.05291005291005291
0 0.45424107142857145 0.6137566137566137 0.04092261904761905 0.08465608465608465
0 0.5572916666666666 0.582010582010582 0.043154761904761904 0.08465608465608465
0 0.41555059523809523 0.5337301587301587 0.029017857142857144 0.056878306878306875
0 0.6436011904761905 0.4834656084656085 0.023809523809523808 0.04894179894179894
0 0.33630952380952384 0.7447089947089947 0.06696428571428571 0.12962962962962962
0 0.5989583333333334 0.7215608465608465 0.06696428571428571 0.1335978835978836
0 0.49441964285714285 0.5370370370370371 0.031994047619047616 0.06084656084656084
0 0.3627232142857143 0.5833333333333334 0.046875 0.08465608465608465
0 0.21279761904761904 0.7414021164021164 0.07738095238095238 0.14417989417989419