0 0.12611607142857142 0.6091269841269841 0.020089285714285716 0.04365079365079365
0 0.5394345238095238 0.548941798941799 0.01636904761904762 0.0291005291005291
0 0.36830357142857145 0.5370370370370371 0.01636904761904762 0.0291005291005291
0 0.4289434523809524 0.6838624338624338 0.03943452380952381 0.07142857142857142
0 0.39546130952380953 0.548941798941799 0.021577380952380952 0.047619047619047616
0 0.2269345238095238 0.5582010582010583 0.022321428571428572 0.03968253968253968
0 0.29017857142857145 0.6097883597883598 0.022321428571428572 0.04497354497354497
0 0.2533482142857143 0.5496031746031746 0.014136904761904762 0.02513227513227513
0 0.9181547619047619 0.6752645502645502 0.047619047619047616 0.0992063492063492
0 0.5178571428571429 0.5667989417989417 0.023809523809523808 0.051587301587301584
0 0.8325892857142857 0.5753968253968254 0.03125 0.06084656084656084
0 0.7287946428571429 0.6097883597883598 0.026041666666666668 0.047619047619047616
0 0.5535714285714286 0.5337301587301587 0.01488095238095238 0.03571428571428571
0 0.16927083333333334 0.6177248677248677 0.027529761904761904 0.047619047619047616
0 0.7853422619047619 0.5416666666666666 0.020089285714285716 0.04365079365079365
0 0.7020089285714286 0.541005291005291 0.023065476190476192 0.042328042328042326
0 0.8872767857142857 0.6031746031746031 0.03943452380952381 0.06878306878306878
0 0.6417410714285714 0.6051587301587301 0.033482142857142856 0.062169312169312166
0 0.06436011904761904 0.6706349206349206 0.031994047619047616 0.06878306878306878
0 0.5822172619047619 0.5502645502645502 0.015625 0.042328042328042326
0 0.6722470238095238 0.5826719576719577 0.023065476190476192 0.04365079365079365
0 0.3359375 0.5462962962962963 0.01711309523809524 0.031746031746031744
0 0.8031994047619048 0.6038359788359788 0.033482142857142856 0.06746031746031746
0 0.7433035714285714 0.5403439153439153 0.023809523809523808 0.041005291005291
0 0.5654761904761905 0.5694444444444444 0.017857142857142856 0.041005291005291
0 0.6458333333333334 0.5317460317460317 0.01488095238095238 0.03968253968253968
0 0.1331845238095238 0.5826719576719577 0.025297619047619048 0.04894179894179894
0 0.671875 0.5482804232804233 0.017857142857142856 0.03306878306878307
0 0.14992559523809523 0.6633597883597884 0.03050595238095238 0.056878306878306875
0 0.5252976190476191 0.6428571428571429 0.041666666666666664 0.07142857142857142
0 0.35900297619047616 0.578042328042328 0.024553571428571428 0.047619047619047616
0 0.6071428571428571 0.546957671957672 0.01488095238095238 0.027777777777777776
0 0.19382440476190477 0.5866402116402116 0.027529761904761904 0.051587301587301584
0 0.2775297619047619 0.5515873015873016 0.017857142857142856 0.031746031746031744
0 0.9073660714285714 0.7638888888888888 0.07068452380952381 0.1335978835978836
0 0.08370535714285714 0.6025132275132276 0.031994047619047616 0.05952380952380952
0 0.5993303571428571 0.6653439153439153 0.046875 0.0873015873015873
0 0.7663690476190477 0.576058201058201 0.026785714285714284 0.05423280423280423
0 0.5591517857142857 0.6170634920634921 0.031994047619047616 0.05952380952380952
0 0.8247767857142857 0.658068783068783 0.03943452380952381 0.08333333333333333
0 0.3117559523809524 0.5621693121693122 0.026785714285714284 0.05026455026455026
0 0.19977678571428573 0.6851851851851852 0.036458333333333336 0.07142857142857142
0 0.26004464285714285 0.5793650793650794 0.020089285714285716 0.04497354497354497
0 0.7191220238095238 0.6567460317460317 0.046875 0.08333333333333333
0 0.4211309523809524 0.7658730158730159 0.06101190476190476 0.1164021164021164
0 0.6238839285714286 0.5515873015873016 0.015625 0.037037037037037035
0 0.23139880952380953 0.6243386243386243 0.03273809523809524 0.06349206349206349
0 0.5383184523809523 0.7698412698412699 0.05431547619047619 0.11375661375661375
0 0.7693452380952381 0.7367724867724867 0.06101190476190476 0.1111111111111111