0 0.1949404761904762 0.4675925925925926 0.010416666666666666 0.022486772486772486
0 0.8649553571428571 0.5158730158730159 0.024553571428571428 0.0582010582010582
0 0.3162202380952381 0.4808201058201058 0.017857142857142856 0.03835978835978836
0 0.39025297619047616 0.4861111111111111 0.020089285714285716 0.04365079365079365
0 0.21502976190476192 0.4722222222222222 0.022321428571428572 0.04497354497354497
0 0.33556547619047616 0.46296296296296297 0.019345238095238096 0.037037037037037035
0 0.03125 0.5066137566137566 0.02976190476190476 0.0582010582010582
0 0.6543898809523809 0.4636243386243386 0.029017857142857144 0.05423280423280423
0 0.7637648809523809 0.4503968253968254 0.021577380952380952 0.046296296296296294
0 0.8143601190476191 0.45634920634920634 0.014136904761904762 0.026455026455026454
0 0.9040178571428571 0.4887566137566138 0.025297619047619048 0.051587301587301584
0 0.6197916666666666 0.5892857142857143 0.03720238095238095 0.07539682539682539
0 0.06733630952380952 0.5231481481481481 0.026041666666666668 0.04894179894179894
0 0.9468005952380952 0.7678571428571429 0.08110119047619048 0.15211640211640212
0 0.6049107142857143 0.4623015873015873 0.026785714285714284 0.04894179894179894
0 0.8835565476190477 0.47023809523809523 0.021577380952380952 0.041005291005291
0 0.6049107142857143 0.38492063492063494 0.019345238095238096 0.04497354497354497
0 0.46316964285714285 0.44642857142857145 0.015625 0.03306878306878307
0 0.3723958333333333 0.4583333333333333 0.024553571428571428 0.046296296296296294
0 0.27120535714285715 0.4503968253968254 0.015625 0.03042328042328042
0 0.7146577380952381 0.45701058201058203 0.024553571428571428 0.051587301587301584
0 0.15104166666666666 0.5185185185185185 0.03125 0.0582010582010582
0 0.8255208333333334 0.4794973544973545 0.021577380952380952 0.041005291005291
0 0.7805059523809523 0.3941798941798942 0.023809523809523808 0.05026455026455026
0 0.17708333333333334 0.4828042328042328 0.022321428571428572 0.03968253968253968
0 0.5747767857142857 0.37962962962962965 0.01711309523809524 0.03439153439153439
0 0.34337797619047616 0.45171957671957674 0.01711309523809524 0.03835978835978836
0 0.8441220238095238 0.576058201058201 0.03943452380952381 0.08068783068783068
0 0.13504464285714285 0.48148148148148145 0.024553571428571428 0.03968253968253968
0 0.6023065476190477 0.5337301587301587 0.036458333333333336 0.0701058201058201
0 0.6830357142857143 0.5370370370370371 0.03869047619047619 0.07407407407407407
0 0.3005952380952381 0.4470899470899471 0.022321428571428572 0.03968253968253968
0 0.7064732142857143 0.7208994708994709 0.04538690476190476 0.09788359788359788
0 0.7206101190476191 0.5978835978835979 0.03943452380952381 0.08994708994708994
0 0.25632440476190477 0.4880952380952381 0.024553571428571428 0.047619047619047616
0 0.41517857142857145 0.4503968253968254 0.019345238095238096 0.03306878306878307
0 0.9840029761904762 0.48544973544973546 0.029017857142857144 0.06084656084656084
0 0.10639880952380952 0.576058201058201 0.049107142857142856 0.09391534391534391
0 0.7857142857142857 0.5277777777777778 0.03571428571428571 0.07407407407407407
0 0.19828869047619047 0.5714285714285714 0.046875 0.08994708994708994
0 0.5297619047619048 0.6825396825396826 0.05505952380952381 0.11375661375661375
0 0.2857142857142857 0.5178571428571429 0.028273809523809524 0.05423280423280423
0 0.32663690476190477 0.5231481481481481 0.02976190476190476 0.06481481481481481
0 0.5453199404761905 0.3845767195767196 0.02367559523809519 0.06280423280423283