0 0.11160714285714286 0.4933862433862434 0.046130952380952384 0.08465608465608465
0 0.234375 0.421957671957672 0.023809523809523808 0.047619047619047616
0 0.8913690476190477 0.42063492063492064 0.01636904761904762 0.031746031746031744
0 0.515625 0.458994708994709 0.025297619047619048 0.05291005291005291
0 0.2853422619047619 0.4173280423280423 0.026041666666666668 0.04894179894179894
0 0.6834077380952381 0.3637566137566138 0.05431547619047619 0.10582010582010581
0 0.2916666666666667 0.7876984126984127 0.07291666666666667 0.12301587301587301
0 0.4791666666666667 0.421957671957672 0.023809523809523808 0.03968253968253968
0 0.3939732142857143 0.3862433862433862 0.020089285714285716 0.03968253968253968
0 0.39211309523809523 0.43187830687830686 0.028273809523809524 0.051587301587301584
0 0.3084077380952381 0.39021164021164023 0.015625 0.03439153439153439
0 0.12276785714285714 0.4556878306878307 0.03125 0.05952380952380952
0 0.8776041666666666 0.5132275132275133 0.034970238095238096 0.06878306878306878
0 0.25111607142857145 0.40476190476190477 0.01711309523809524 0.03439153439153439
0 0.5159970238095238 0.5059523809523809 0.036458333333333336 0.08333333333333333
0 0.3541666666666667 0.38955026455026454 0.019345238095238096 0.03571428571428571
0 0.28720238095238093 0.453042328042328 0.03125 0.056878306878306875
0 0.8366815476190477 0.4113756613756614 0.01711309523809524 0.03439153439153439
0 0.3396577380952381 0.4298941798941799 0.026041666666666668 0.05026455026455026
0 0.9345238095238095 0.4470899470899471 0.019345238095238096 0.04497354497354497
0 0.21354166666666666 0.4742063492063492 0.04017857142857143 0.07539682539682539
0 0.9605654761904762 0.42857142857142855 0.023809523809523808 0.047619047619047616
0 0.23251488095238096 0.3921957671957672 0.020089285714285716 0.03306878306878307
0 0.7384672619047619 0.34854497354497355 0.021577380952380952 0.041005291005291
0 0.44680059523809523 0.3915343915343915 0.01711309523809524 0.03968253968253968
0 0.7875744047619048 0.4173280423280423 0.020089285714285716 0.03571428571428571
0 0.7537202380952381 0.4146825396825397 0.017857142857142856 0.03306878306878307
0 0.17894345238095238 0.42328042328042326 0.027529761904761904 0.0582010582010582
0 0.39806547619047616 0.5205026455026455 0.047619047619047616 0.08597883597883597
0 0.5911458333333334 0.3478835978835979 0.031994047619047616 0.05555555555555555
0 0.8991815476190477 0.46164021164021163 0.031994047619047616 0.06349206349206349
0 0.9516369047619048 0.5099206349206349 0.03571428571428571 0.07539682539682539
0 0.8322172619047619 0.4662698412698413 0.031994047619047616 0.062169312169312166
0 0.5874255952380952 0.6481481481481481 0.05580357142857143 0.11375661375661375
0 0.45200892857142855 0.46164021164021163 0.027529761904761904 0.05291005291005291
0 0.7619047619047619 0.4642857142857143 0.03273809523809524 0.06084656084656084
0 0.4486607142857143 0.6468253968253969 0.06101190476190476 0.1111111111111111
0 0.3013392857142857 0.5191798941798942 0.046130952380952384 0.08597883597883597
0 0.13578869047619047 0.6878306878306878 0.08556547619047619 0.16666666666666666
0 0.017217261904761905 0.7223809523809523 0.034427083333333344 0.17403439153439146