0 0.12388392857142858 0.48544973544973546 0.012648809523809524 0.026455026455026454
0 0.5922619047619048 0.416005291005291 0.017857142857142856 0.03306878306878307
0 0.0744047619047619 0.5264550264550265 0.025297619047619048 0.05291005291005291
0 0.5400892857142857 0.4617592592592592 0.022135416666666668 0.042103174603174656
0 0.6432291666666666 0.46825396825396826 0.026041666666666668 0.05026455026455026
0 0.2619047619047619 0.47156084656084657 0.017857142857142856 0.03042328042328042
0 0.009300595238095238 0.5112433862433863 0.018601190476190476 0.03835978835978836
0 0.5334821428571429 0.5291005291005291 0.03273809523809524 0.0582010582010582
0 0.8433779761904762 0.7658730158730159 0.08705357142857142 0.1693121693121693
0 0.2027529761904762 0.455026455026455 0.014136904761904762 0.0291005291005291
0 0.8065476190476191 0.4675925925925926 0.020833333333333332 0.03835978835978836
0 0.8322172619047619 0.48214285714285715 0.027529761904761904 0.051587301587301584
0 0.7860863095238095 0.5085978835978836 0.024553571428571428 0.051587301587301584
0 0.5513392857142857 0.593915343915344 0.03720238095238095 0.07936507936507936
0 0.14322916666666666 0.48214285714285715 0.021577380952380952 0.04894179894179894
0 0.23214285714285715 0.498015873015873 0.020833333333333332 0.04365079365079365
0 0.5438988095238095 0.3862433862433862 0.022321428571428572 0.04497354497354497
0 0.23177083333333334 0.4556878306878307 0.023065476190476192 0.03835978835978836
0 0.3229166666666667 0.4834656084656085 0.019345238095238096 0.03835978835978836
0 0.9732142857142857 0.7440476190476191 0.05357142857142857 0.11243386243386243
0 0.5773809523809523 0.3855820105820106 0.01636904761904762 0.03306878306878307
0 0.4029017857142857 0.4537037037037037 0.020089285714285716 0.03439153439153439
0 0.7507440476190477 0.4775132275132275 0.020833333333333332 0.042328042328042326
0 0.17447916666666666 0.46825396825396826 0.015625 0.026455026455026454
0 0.6912202380952381 0.4497354497354497 0.026785714285714284 0.04497354497354497
0 0.6491815476190477 0.5846560846560847 0.04092261904761905 0.0873015873015873
0 0.30505952380952384 0.4636243386243386 0.022321428571428572 0.04365079365079365
0 0.1015625 0.4801587301587302 0.021577380952380952 0.03439153439153439
0 0.26078869047619047 0.5324074074074074 0.033482142857142856 0.062169312169312166
0 0.8932291666666666 0.4794973544973545 0.03050595238095238 0.05952380952380952
0 0.6138392857142857 0.5357142857142857 0.03720238095238095 0.07407407407407407
0 0.5997023809523809 0.3869047619047619 0.01636904761904762 0.03306878306878307
0 0.21540178571428573 0.5277777777777778 0.03050595238095238 0.06349206349206349
0 0.05505952380952381 0.49272486772486773 0.028273809523809524 0.05423280423280423
0 0.6350446428571429 0.6984126984126984 0.04241071428571429 0.09259259259259259
0 0.3508184523809524 0.45436507936507936 0.018601190476190476 0.03835978835978836
0 0.2786458333333333 0.4576719576719577 0.01711309523809524 0.03439153439153439
0 0.7194940476190477 0.39616402116402116 0.026785714285714284 0.051587301587301584
0 0.7641369047619048 0.5648148148148148 0.03422619047619048 0.06878306878306878
0 0.4724702380952381 0.6759259259259259 0.05357142857142857 0.11375661375661375
0 0.19382440476190477 0.49206349206349204 0.018601190476190476 0.037037037037037035
0 0.03608630952380952 0.5965608465608465 0.04836309523809524 0.09523809523809523
0 0.9233630952380952 0.6091269841269841 0.047619047619047616 0.08862433862433862
0 0.11867559523809523 0.5734126984126984 0.04389880952380952 0.08862433862433862
0 0.7124255952380952 0.5277777777777778 0.03794642857142857 0.07407407407407407
0 0.5862425595238095 0.46970899470899474 0.024977678571428526 0.04775132275132278