0 0.17633928571428573 0.41798941798941797 0.017857142857142856 0.03439153439153439
0 0.9866071428571429 0.6481481481481481 0.026785714285714284 0.06084656084656084
0 0.13764880952380953 0.42857142857142855 0.017857142857142856 0.037037037037037035
0 0.6246279761904762 0.4126984126984127 0.018601190476190476 0.031746031746031744
0 0.16071428571428573 0.9120370370370371 0.08482142857142858 0.14153439153439154
0 0.8258928571428571 0.4497354497354497 0.01488095238095238 0.023809523809523808
0 0.12611607142857142 0.4576719576719577 0.026041666666666668 0.05555555555555555
0 0.7879464285714286 0.4417989417989418 0.017857142857142856 0.0291005291005291
0 0.3820684523809524 0.4503968253968254 0.026041666666666668 0.04894179894179894
0 0.18526785714285715 0.4914021164021164 0.026785714285714284 0.062169312169312166
0 0.08258928571428571 0.4001322751322751 0.026785714285714284 0.051587301587301584
0 0.7373511904761905 0.4312169312169312 0.01488095238095238 0.031746031746031744
0 0.5390625 0.42592592592592593 0.023065476190476192 0.04497354497354497
0 0.5789955357142856 0.3862433862433862 0.037447916666666616 0.09789682539682538
0 0.2533482142857143 0.41335978835978837 0.021577380952380952 0.03835978835978836
0 0.17001488095238096 0.4523809523809524 0.03050595238095238 0.05555555555555555
0 0.19680059523809523 0.41534391534391535 0.01711309523809524 0.03439153439153439
0 0.9352678571428571 0.6283068783068783 0.05654761904761905 0.10582010582010581
0 0.6212797619047619 0.4365079365079365 0.022321428571428572 0.04497354497354497
0 0.6930803571428571 0.4437830687830688 0.015625 0.03835978835978836
0 0.42001488095238093 0.4933862433862434 0.024553571428571428 0.05555555555555555
0 0.9873511904761905 0.541005291005291 0.025297619047619048 0.06349206349206349
0 0.8407738095238095 0.5337301587301587 0.03125 0.06481481481481481
0 0.24032738095238096 0.4497354497354497 0.025297619047619048 0.05026455026455026
0 0.11830357142857142 0.41335978835978837 0.022321428571428572 0.03835978835978836
0 0.28236607142857145 0.4662698412698413 0.024553571428571428 0.056878306878306875
0 0.6625744047619048 0.4305555555555556 0.01711309523809524 0.03571428571428571
0 0.34523809523809523 0.4146825396825397 0.020833333333333332 0.03571428571428571
0 0.4114583333333333 0.5674603174603174 0.047619047619047616 0.08994708994708994
0 0.7723214285714286 0.5509259259259259 0.03273809523809524 0.0701058201058201
0 0.7938988095238095 0.49007936507936506 0.028273809523809524 0.056878306878306875
0 0.47879464285714285 0.7083333333333334 0.057291666666666664 0.11507936507936507
0 0.28794642857142855 0.5582010582010583 0.043154761904761904 0.08465608465608465
0 0.29575892857142855 0.4087301587301587 0.020089285714285716 0.03968253968253968
0 0.8303571428571429 0.4755291005291005 0.025297619047619048 0.04365079365079365
0 0.04352678571428571 0.4603174603174603 0.03050595238095238 0.06084656084656084
0 0.17522321428571427 0.5866402116402116 0.04836309523809524 0.09391534391534391
0 0.7280505952380952 0.49603174603174605 0.026041666666666668 0.05291005291005291
0 0.6703869047619048 0.5059523809523809 0.03125 0.06481481481481481
0 0.9092261904761905 0.5264550264550265 0.03273809523809524 0.06084656084656084
0 0.35119047619047616 0.49272486772486773 0.03571428571428571 0.06746031746031746
0 0.6447172619047619 0.48214285714285715 0.026041666666666668 0.04894179894179894
0 0.3359375 0.7334656084656085 0.06324404761904762 0.1335978835978836
0 0.06879464285714285 0.5250264550264551 0.0403720238095238 0.07474867724867723