0 0.158844 0.890985 0.112028 0.134172
0 0.335141 0.736897 0.075472 0.140461
0 0.481368 0.713836 0.056604 0.119497
0 0.412382 0.576520 0.050708 0.092243
0 0.288561 0.567086 0.041274 0.090147
0 0.174764 0.582809 0.068396 0.104822
0 0.074528 0.524109 0.040094 0.054507
0 0.185967 0.490566 0.041274 0.054507
0 0.353420 0.496855 0.038915 0.067086
0 0.421816 0.493711 0.031840 0.060797
0 0.581014 0.378407 0.045991 0.098532
0 0.026651 0.892034 0.053302 0.199161
0 0.043570 0.463202 0.027309 0.057376
0 0.080499 0.402516 0.031653 0.077237
0 0.124566 0.465961 0.025447 0.058480
0 0.166149 0.447203 0.022964 0.038619
0 0.239697 0.449410 0.024826 0.056273
0 0.284384 0.469271 0.042205 0.054066
0 0.383069 0.458788 0.031033 0.050756
0 0.346450 0.415756 0.028550 0.037515
0 0.300832 0.412998 0.027929 0.045239
0 0.255213 0.410791 0.023585 0.029791
0 0.253090 0.437215 0.028465 0.039037
0 0.199414 0.418781 0.025211 0.042652
0 0.178879 0.422757 0.028058 0.047712
0 0.138419 0.430709 0.028465 0.043375
0 0.118087 0.409745 0.021145 0.037591
0 0.538538 0.428092 0.019340 0.044444
0 0.619198 0.437736 0.015566 0.045283
0 0.627217 0.415933 0.021226 0.041929
0 0.661651 0.441929 0.017453 0.031866
0 0.644434 0.479665 0.020755 0.050314
0 0.670849 0.506080 0.026415 0.076310
0 0.665425 0.423899 0.016509 0.022642
0 0.697028 0.441929 0.020283 0.036897
0 0.739245 0.441090 0.019811 0.045283
0 0.728868 0.499790 0.027358 0.060377
0 0.773208 0.550524 0.036792 0.079665
0 0.841368 0.537526 0.030660 0.067086
0 0.910708 0.530818 0.035377 0.087212
0 0.789595 0.446460 0.022224 0.033059
0 0.827921 0.448073 0.019956 0.031447
0 0.795718 0.490808 0.023585 0.065312
0 0.834271 0.480326 0.029028 0.060474
0 0.986756 0.539187 0.026488 0.065312
0 0.938135 0.631914 0.055334 0.104015
0 0.989024 0.637558 0.021952 0.107241