0 0.9914434523809523 0.5648148148148148 0.01711309523809524 0.037037037037037035
0 0.6521577380952381 0.4556878306878307 0.018601190476190476 0.03835978835978836
0 0.34077380952380953 0.4537037037037037 0.017857142857142856 0.031746031746031744
0 0.08816964285714286 0.5066137566137566 0.033482142857142856 0.05555555555555555
0 0.6975446428571429 0.46825396825396826 0.024553571428571428 0.04497354497354497
0 0.8761160714285714 0.47619047619047616 0.01711309523809524 0.0291005291005291
0 0.9196428571428571 0.5112433862433863 0.025297619047619048 0.04894179894179894
0 0.2786458333333333 0.49404761904761907 0.03050595238095238 0.062169312169312166
0 0.26599702380952384 0.8974867724867724 0.08110119047619048 0.14417989417989419
0 0.7730654761904762 0.4695767195767196 0.022321428571428572 0.03968253968253968
0 0.6986607142857143 0.43716931216931215 0.017857142857142856 0.03306878306878307
0 0.8188244047619048 0.4603174603174603 0.018601190476190476 0.026455026455026454
0 0.1722470238095238 0.4365079365079365 0.020089285714285716 0.03968253968253968
0 0.6592261904761905 0.44047619047619047 0.017857142857142856 0.03968253968253968
0 0.6149553571428571 0.44312169312169314 0.026041666666666668 0.04497354497354497
0 0.4646577380952381 0.47023809523809523 0.027529761904761904 0.051587301587301584
0 0.28720238095238093 0.4252645502645503 0.017857142857142856 0.03571428571428571
0 0.7273065476190477 0.4007936507936508 0.023065476190476192 0.05291005291005291
0 0.0859375 0.5443121693121693 0.04389880952380952 0.08333333333333333
0 0.4973958333333333 0.541005291005291 0.04092261904761905 0.07407407407407407
0 0.21168154761904762 0.4212962962962963 0.020089285714285716 0.03835978835978836
0 0.7507440476190477 0.5211640211640212 0.025297619047619048 0.05555555555555555
0 0.3366815476190476 0.421957671957672 0.021577380952380952 0.037037037037037035
0 0.26078869047619047 0.4603174603174603 0.027529761904761904 0.05026455026455026
0 0.8653273809523809 0.5740740740740741 0.03571428571428571 0.06878306878306878
0 0.5762648809523809 0.4041005291005291 0.034970238095238096 0.06481481481481481
0 0.9356398809523809 0.4834656084656085 0.026041666666666668 0.046296296296296294
0 0.37686011904761907 0.42063492063492064 0.020089285714285716 0.03968253968253968
0 0.38095238095238093 0.5720899470899471 0.041666666666666664 0.07804232804232804
0 0.14992559523809523 0.45701058201058203 0.024553571428571428 0.04894179894179894
0 0.7224702380952381 0.49933862433862436 0.020833333333333332 0.03835978835978836
0 0.3671875 0.47023809523809523 0.026041666666666668 0.056878306878306875
0 0.19308035714285715 0.5297619047619048 0.034970238095238096 0.08068783068783068
0 0.4330357142857143 0.7427248677248677 0.06696428571428571 0.1283068783068783
0 0.09337797619047619 0.7764550264550265 0.0900297619047619 0.17724867724867724
0 0.4252232142857143 0.4298941798941799 0.020089285714285716 0.03439153439153439
0 0.27455357142857145 0.5853174603174603 0.044642857142857144 0.09126984126984126
0 0.21242559523809523 0.4656084656084656 0.027529761904761904 0.05291005291005291
0 0.9315476190476191 0.5826719576719577 0.03869047619047619 0.08068783068783068
0 0.8828125 0.5218253968253969 0.031994047619047616 0.06746031746031746
0 0.8106398809523809 0.5198412698412699 0.034970238095238096 0.06084656084656084
0 0.43563988095238093 0.5092592592592593 0.031994047619047616 0.06613756613756613
0 0.5613839285714286 0.7414021164021164 0.060267857142857144 0.11772486772486772
0 0.7373511904761905 0.4669312169312169 0.020833333333333332 0.03439153439153439
0 0.3165922619047619 0.47023809523809523 0.029017857142857144 0.056878306878306875