0 0.034434 0.754717 0.063679 0.180294
0 0.180071 0.832285 0.097877 0.100629
0 0.351651 0.675052 0.070755 0.134172
0 0.491981 0.666667 0.070755 0.104822
0 0.417099 0.535639 0.050708 0.081761
0 0.295637 0.541929 0.050708 0.073375
0 0.191863 0.561845 0.050708 0.096436
0 0.091038 0.534591 0.054245 0.092243
0 0.041509 0.459119 0.030660 0.041929
0 0.011910 0.544025 0.023820 0.073375
0 0.062141 0.451736 0.022559 0.052867
0 0.102133 0.462674 0.027687 0.045575
0 0.064705 0.511439 0.018458 0.042840
0 0.187500 0.479081 0.029225 0.054690
0 0.164428 0.449458 0.025123 0.048309
0 0.127769 0.442621 0.021534 0.040106
0 0.108798 0.425303 0.025636 0.036460
0 0.176733 0.426215 0.026148 0.034637
0 0.195960 0.420290 0.020509 0.039194
0 0.235952 0.456750 0.032814 0.042840
0 0.280301 0.454015 0.030250 0.050132
0 0.349005 0.483183 0.030250 0.051955
0 0.414120 0.478625 0.032301 0.044663
0 0.379512 0.456294 0.028712 0.060159
0 0.346698 0.415732 0.023585 0.035548
0 0.286710 0.418011 0.025636 0.025522
0 0.244155 0.428493 0.028712 0.017318
0 0.246975 0.408896 0.017945 0.018230
0 0.289530 0.401148 0.023072 0.017318
0 0.558398 0.374259 0.025123 0.058336
0 0.602748 0.363777 0.033839 0.057424
0 0.527379 0.412542 0.021534 0.029168
0 0.569934 0.407985 0.017432 0.030991
0 0.625205 0.362866 0.020509 0.028256
0 0.643406 0.428949 0.016920 0.036460
0 0.676477 0.433962 0.020509 0.042840
0 0.652123 0.478170 0.024098 0.069274
0 0.704163 0.391578 0.045119 0.103910
0 0.751333 0.398870 0.059475 0.176830
0 0.781686 0.433962 0.010254 0.048309
0 0.824498 0.427582 0.027174 0.039194
0 0.810142 0.454471 0.032301 0.043752
0 0.821678 0.499590 0.041017 0.053778
0 0.879871 0.493665 0.038454 0.061982
0 0.955496 0.509161 0.033839 0.056513
0 0.897303 0.575700 0.045632 0.098441
0 0.965494 0.583903 0.045632 0.076565
0 0.994258 0.491386 0.011484 0.068362