0 0.091627 0.732704 0.071934 0.140461
0 0.246698 0.738994 0.080189 0.148847
0 0.409434 0.835430 0.075472 0.111111
0 0.559788 0.700210 0.069575 0.155136
0 0.713090 0.705451 0.067217 0.136268
0 0.611085 0.530398 0.049528 0.083857
0 0.491391 0.539832 0.048349 0.094340
0 0.386439 0.540881 0.048349 0.096436
0 0.295047 0.500000 0.037736 0.081761
0 0.197170 0.504193 0.044811 0.085954
0 0.086321 0.540881 0.058962 0.096436
0 0.295224 0.445493 0.032429 0.035639
0 0.376297 0.454927 0.034198 0.062893
0 0.209434 0.458071 0.034198 0.058700
0 0.258962 0.423480 0.024764 0.058700
0 0.288443 0.374214 0.030660 0.058700
0 0.327948 0.390461 0.020047 0.042977
0 0.332960 0.447589 0.022995 0.062893
0 0.358608 0.415094 0.028302 0.044025
0 0.308491 0.388365 0.022406 0.036688
0 0.365094 0.385744 0.020047 0.033543
0 0.381014 0.388889 0.024764 0.046122
0 0.422877 0.379455 0.024764 0.027254
0 0.417276 0.400943 0.026533 0.034591
0 0.419929 0.433438 0.021226 0.068134
0 0.464151 0.433962 0.027123 0.048218
0 0.465625 0.383648 0.022995 0.048218
0 0.512205 0.388365 0.024175 0.038784
0 0.555542 0.423480 0.030660 0.054507
0 0.535200 0.467505 0.032429 0.056604
0 0.593278 0.462788 0.033019 0.059748
0 0.703892 0.405136 0.020047 0.047170
0 0.709198 0.379979 0.017689 0.026205
0 0.753833 0.408084 0.022848 0.042584
0 0.759545 0.382206 0.018794 0.019654
0 0.799160 0.377293 0.022111 0.026861
0 0.801187 0.412998 0.018794 0.045860
0 0.847619 0.388430 0.018057 0.020309
0 0.848172 0.409067 0.019900 0.031447
0 0.836011 0.450668 0.020637 0.053066
0 0.886498 0.412670 0.022848 0.039963
0 0.941775 0.414308 0.018426 0.040618
0 0.878022 0.471960 0.028007 0.068134
0 0.951209 0.472615 0.034640 0.057652
0 0.990512 0.453021 0.018975 0.057176
0 0.989976 0.534496 0.020047 0.079093