0 0.1480654761904762 0.5026455026455027 0.020833333333333332 0.03968253968253968
0 0.22135416666666666 0.6382275132275133 0.05580357142857143 0.09656084656084656
0 0.49702380952380953 0.4794973544973545 0.01488095238095238 0.02513227513227513
0 0.3463541666666667 0.5568783068783069 0.024553571428571428 0.04497354497354497
0 0.08407738095238096 0.4947089947089947 0.023809523809523808 0.047619047619047616
0 0.20721726190476192 0.47685185185185186 0.020089285714285716 0.03835978835978836
0 0.09709821428571429 0.5654761904761905 0.03050595238095238 0.062169312169312166
0 0.6034226190476191 0.5006613756613757 0.01636904761904762 0.03306878306878307
0 0.5580357142857143 0.5363756613756614 0.020833333333333332 0.041005291005291
0 0.2734375 0.8617724867724867 0.08258928571428571 0.15211640211640212
0 0.14471726190476192 0.53505291005291 0.03050595238095238 0.05423280423280423
0 0.8709077380952381 0.582010582010582 0.024553571428571428 0.042328042328042326
0 0.49516369047619047 0.49867724867724866 0.020089285714285716 0.042328042328042326
0 0.03311011904761905 0.5112433862433863 0.024553571428571428 0.046296296296296294
0 0.6421130952380952 0.4966931216931217 0.017857142857142856 0.03042328042328042
0 0.010416666666666666 0.49272486772486773 0.020833333333333332 0.03835978835978836
0 0.26413690476190477 0.48743386243386244 0.023809523809523808 0.041005291005291
0 0.7459077380952381 0.5892857142857143 0.033482142857142856 0.06481481481481481
0 0.16257440476190477 0.4880952380952381 0.024553571428571428 0.042328042328042326
0 0.5822172619047619 0.5575396825396826 0.026041666666666668 0.051587301587301584
0 0.07514880952380952 0.5304232804232805 0.028273809523809524 0.05555555555555555
0 0.7116815476190477 0.5462962962962963 0.08258928571428571 0.17989417989417988
0 0.30505952380952384 0.5257936507936508 0.023809523809523808 0.051587301587301584
0 0.5323660714285714 0.4775132275132275 0.01711309523809524 0.0291005291005291
0 0.5606398809523809 0.43783068783068785 0.024553571428571428 0.042328042328042326
0 0.29910714285714285 0.7103174603174603 0.12946428571428573 0.18253968253968253
0 0.01636904761904762 0.5436507936507936 0.028273809523809524 0.06349206349206349
0 0.11011904761904762 0.49404761904761907 0.020833333333333332 0.041005291005291
0 0.42782738095238093 0.7890211640211641 0.05952380952380952 0.11243386243386243
0 0.4564732142857143 0.4861111111111111 0.024553571428571428 0.04894179894179894
0 0.20424107142857142 0.5304232804232805 0.033482142857142856 0.06349206349206349
0 0.9174107142857143 0.5701058201058201 0.03273809523809524 0.0582010582010582
0 0.5718005952380952 0.5013227513227513 0.018601190476190476 0.03439153439153439
0 0.6644345238095238 0.5535714285714286 0.025297619047619048 0.051587301587301584
0 0.09635416666666667 0.6620370370370371 0.061755952380952384 0.11507936507936507
0 0.8102678571428571 0.5251322751322751 0.07738095238095238 0.13756613756613756