0 0.134670 0.678197 0.061321 0.161426
0 0.300943 0.776730 0.084906 0.106918
0 0.454835 0.650943 0.064858 0.123690
0 0.592807 0.646751 0.064858 0.090147
0 0.521462 0.510482 0.061321 0.090147
0 0.400590 0.523061 0.048349 0.081761
0 0.300943 0.529350 0.044811 0.098532
0 0.216027 0.481132 0.042116 0.077568
0 0.107547 0.501048 0.054245 0.088050
0 0.122288 0.457023 0.043632 0.088050
0 0.176533 0.415094 0.024764 0.050314
0 0.191274 0.401468 0.037736 0.044025
0 0.229009 0.389937 0.014151 0.041929
0 0.247877 0.405660 0.033019 0.048218
0 0.225854 0.428971 0.020216 0.034941
0 0.192442 0.472397 0.016285 0.039932
0 0.285939 0.455426 0.031447 0.053908
0 0.285097 0.410003 0.030885 0.038934
0 0.290431 0.385045 0.021339 0.026954
0 0.307278 0.393531 0.023585 0.041929
0 0.339847 0.434461 0.031447 0.045922
0 0.392071 0.431966 0.030323 0.046920
0 0.356413 0.407008 0.021900 0.030947
0 0.356694 0.385545 0.022462 0.025956
0 0.395159 0.394529 0.021900 0.027952
0 0.391790 0.370071 0.015162 0.018968
0 0.444575 0.389039 0.025270 0.034941
0 0.480234 0.428971 0.025831 0.050913
0 0.452718 0.455426 0.034816 0.047919
0 0.515330 0.449935 0.028639 0.040930
0 0.590858 0.341619 0.031447 0.053908
0 0.641920 0.340078 0.019483 0.046486
0 0.661916 0.343269 0.024610 0.082034
0 0.691909 0.357397 0.027174 0.106645
0 0.741797 0.346915 0.019483 0.040106
0 0.710008 0.381096 0.020509 0.020964
0 0.720006 0.399781 0.017945 0.030991
0 0.757178 0.413909 0.021534 0.035548
0 0.793324 0.416644 0.017945 0.041017
0 0.838187 0.415277 0.023585 0.045575
0 0.765894 0.467232 0.024610 0.076565
0 0.834342 0.464042 0.031276 0.059247
0 0.739489 0.441254 0.015894 0.031902
0 0.880332 0.510528 0.028712 0.070185
0 0.897508 0.459484 0.032301 0.061070
0 0.894176 0.418923 0.025636 0.038283
0 0.940833 0.453104 0.030763 0.048309
0 0.963648 0.426670 0.024098 0.046486
0 0.952625 0.508705 0.033839 0.081123
0 0.993475 0.515024 0.013050 0.090846
0 0.990330 0.719776 0.019340 0.262753