0 0.583984375 0.5505208333333333 0.02421875 0.034375
0 0.387109375 0.5630208333333333 0.02421875 0.036458333333333336
0 0.983984375 0.5557291666666667 0.02734375 0.036458333333333336
0 0.241796875 0.6109375 0.04609375 0.06145833333333333
0 0.584375 0.5786458333333333 0.034375 0.05520833333333333
0 0.3921875 0.5864583333333333 0.0375 0.05416666666666667
0 0.382421875 0.6526041666666667 0.05859375 0.08020833333333334
0 0.921484375 0.5796875 0.03984375 0.053125
0 0.29609375 0.615625 0.040625 0.05625
0 0.321484375 0.709375 0.07265625 0.11041666666666666
0 0.52734375 0.540625 0.028125 0.03958333333333333
0 0.70546875 0.6364583333333333 0.0453125 0.07083333333333333
0 0.3171875 0.5739583333333333 0.034375 0.05
0 0.772265625 0.546875 0.03203125 0.04375
0 0.932421875 0.7192708333333333 0.07109375 0.09479166666666666
0 0.1484375 0.7119791666666667 0.078125 0.11145833333333334