0 0.530859375 0.7458333333333333 0.06484375 0.11041666666666666
0 0.224609375 0.5869791666666667 0.02578125 0.03229166666666667
0 0.540625 0.6057291666666667 0.0328125 0.040625
0 0.22578125 0.6223958333333334 0.0484375 0.06145833333333333
0 0.63984375 0.6010416666666667 0.0265625 0.0375
0 0.587109375 0.5854166666666667 0.02265625 0.029166666666666667
0 0.55703125 0.6984375 0.040625 0.059375
0 0.748828125 0.6161458333333333 0.02890625 0.03854166666666667
0 0.4234375 0.5796875 0.028125 0.03854166666666667
0 0.8078125 0.6682291666666667 0.0453125 0.071875
0 0.18046875 0.5802083333333333 0.0296875 0.041666666666666664
0 0.88671875 0.6432291666666666 0.0359375 0.051041666666666666
0 0.796875 0.6166666666666667 0.0296875 0.05
0 0.94375 0.6416666666666667 0.0375 0.04791666666666667
0 0.3515625 0.6729166666666667 0.04375 0.07291666666666667