0 0.4646577380952381 0.42394179894179895 0.021577380952380952 0.041005291005291
0 0.4244791666666667 0.8220899470899471 0.08110119047619048 0.12566137566137567
0 0.9936755952380952 0.453042328042328 0.012648809523809524 0.03306878306878307
0 0.8642113095238095 0.43452380952380953 0.026041666666666668 0.04894179894179894
0 0.3991815476190476 0.45701058201058203 0.027529761904761904 0.05952380952380952
0 0.6335565476190477 0.45105820105820105 0.026041666666666668 0.05026455026455026
0 0.2916666666666667 0.4781746031746032 0.03273809523809524 0.056878306878306875
0 0.4055059523809524 0.42592592592592593 0.022321428571428572 0.042328042328042326
0 0.43266369047619047 0.48412698412698413 0.027529761904761904 0.0582010582010582
0 0.49702380952380953 0.4146825396825397 0.019345238095238096 0.03306878306878307
0 0.125 0.6726190476190477 0.06101190476190476 0.13095238095238096
0 0.8991815476190477 0.44576719576719576 0.026041666666666668 0.04497354497354497
0 0.27827380952380953 0.5112433862433863 0.047619047619047616 0.08597883597883597
0 0.3671875 0.3968253968253968 0.023065476190476192 0.047619047619047616
0 0.16071428571428573 0.5363756613756614 0.044642857142857144 0.08862433862433862
0 0.5338541666666666 0.4642857142857143 0.027529761904761904 0.05555555555555555
0 0.9561011904761905 0.43716931216931215 0.023809523809523808 0.04365079365079365
0 0.7957589285714286 0.44312169312169314 0.03050595238095238 0.06349206349206349
0 0.5450148809523809 0.42394179894179895 0.018601190476190476 0.03306878306878307
0 0.9397321428571429 0.49007936507936506 0.026785714285714284 0.056878306878306875
0 0.6726190476190477 0.5476190476190477 0.049107142857142856 0.08994708994708994
0 0.48995535714285715 0.4636243386243386 0.027529761904761904 0.05423280423280423
0 0.33779761904761907 0.45171957671957674 0.026785714285714284 0.05423280423280423
0 0.26860119047619047 0.7175925925925926 0.0744047619047619 0.15211640211640212
0 0.4557291666666667 0.46296296296296297 0.024553571428571428 0.05291005291005291
0 0.6000744047619048 0.7076719576719577 0.0662202380952381 0.12698412698412698
0 0.36495535714285715 0.5205026455026455 0.03943452380952381 0.08068783068783068
0 0.5948660714285714 0.42592592592592593 0.015625 0.037037037037037035
0 0.9802827380952381 0.5125661375661376 0.03794642857142857 0.07539682539682539
0 0.4427083333333333 0.5555555555555556 0.041666666666666664 0.07936507936507936
0 0.5416666666666666 0.5615079365079365 0.043154761904761904 0.07804232804232804
0 0.7552083333333334 0.7037037037037037 0.0625 0.13227513227513227
0 0.5974702380952381 0.5026455026455027 0.03571428571428571 0.06878306878306878