0 0.22507440476190477 0.5277777777777778 0.024553571428571428 0.05026455026455026
0 0.2697172619047619 0.5337301587301587 0.03050595238095238 0.05423280423280423
0 0.5174851190476191 0.6554232804232805 0.03794642857142857 0.07804232804232804
0 0.5122767857142857 0.5694444444444444 0.03050595238095238 0.056878306878306875
0 0.2805059523809524 0.5714285714285714 0.046130952380952384 0.0873015873015873
0 0.38839285714285715 0.6296296296296297 0.03125 0.0582010582010582
0 0.38950892857142855 0.5158730158730159 0.024553571428571428 0.042328042328042326
0 0.7008928571428571 0.5363756613756614 0.08482142857142858 0.14153439153439154
0 0.4869791666666667 0.6005291005291006 0.036458333333333336 0.06878306878306878
0 0.35379464285714285 0.6851851851851852 0.05282738095238095 0.09523809523809523
0 0.15811011904761904 0.5363756613756614 0.026041666666666668 0.05423280423280423
0 0.09151785714285714 0.47685185185185186 0.043154761904761904 0.08597883597883597
0 0.4133184523809524 0.49867724867724866 0.018601190476190476 0.04497354497354497
0 0.19345238095238096 0.5562169312169312 0.03422619047619048 0.062169312169312166
0 0.3601190476190476 0.544973544973545 0.03125 0.06084656084656084
0 0.6156994047619048 0.628968253968254 0.04389880952380952 0.08597883597883597
0 0.21316964285714285 0.4828042328042328 0.023065476190476192 0.03968253968253968