0 0.049764 0.469602 0.042453 0.050314
0 0.013797 0.497904 0.027123 0.056604
0 0.148821 0.657233 0.082547 0.148847
0 0.388797 0.676101 0.104953 0.157233
0 0.355189 0.740042 0.094340 0.134172
0 0.279127 0.554507 0.055425 0.081761
0 0.372877 0.556604 0.056604 0.081761
0 0.443042 0.562893 0.045991 0.081761
0 0.383491 0.441300 0.054245 0.073375
0 0.514741 0.494950 0.027337 0.043835
0 0.550922 0.426815 0.033233 0.048599
0 0.460066 0.494950 0.021977 0.038117
0 0.351522 0.505432 0.017153 0.034305
0 0.366631 0.511057 0.013694 0.016907
0 0.650791 0.445797 0.017498 0.028403
0 0.687500 0.471833 0.017879 0.034490
0 0.665817 0.475215 0.024726 0.046663
0 0.746652 0.470819 0.026628 0.054102
0 0.708802 0.471495 0.016357 0.037871
0 0.783171 0.468114 0.032715 0.064922
0 0.869522 0.524244 0.038040 0.063569
0 0.925251 0.543856 0.043746 0.091973
0 0.953058 0.479610 0.037279 0.071685
0 0.804512 0.466761 0.021683 0.047339
0 0.798045 0.381551 0.021683 0.043281
0 0.818396 0.437682 0.016738 0.031108
0 0.989166 0.499476 0.021668 0.086478