0 0.6700148809523809 0.5826719576719577 0.03943452380952381 0.08333333333333333
0 0.7291666666666666 0.544973544973545 0.026785714285714284 0.04497354497354497
0 0.17447916666666666 0.5648148148148148 0.023065476190476192 0.04497354497354497
0 0.5948660714285714 0.544973544973545 0.020089285714285716 0.03968253968253968
0 0.7827380952380952 0.5396825396825397 0.025297619047619048 0.05026455026455026
0 0.24516369047619047 0.5436507936507936 0.027529761904761904 0.047619047619047616
0 0.029017857142857144 0.6018518518518519 0.03869047619047619 0.06349206349206349
0 0.5569196428571429 0.5370370370370371 0.021577380952380952 0.047619047619047616
0 0.9866071428571429 0.7665343915343915 0.026785714285714284 0.0701058201058201
0 0.6726190476190477 0.5158730158730159 0.020833333333333332 0.037037037037037035
0 0.32068452380952384 0.5357142857142857 0.025297619047619048 0.047619047619047616
0 0.9497767857142857 0.7103174603174603 0.06324404761904762 0.10846560846560846
0 0.6413690476190477 0.5185185185185185 0.023809523809523808 0.042328042328042326
0 0.36681547619047616 0.5773809523809523 0.03273809523809524 0.05952380952380952
0 0.7872023809523809 0.5859788359788359 0.03125 0.0582010582010582
0 0.7261904761904762 0.5787037037037037 0.03273809523809524 0.062169312169312166
0 0.7477678571428571 0.7235449735449735 0.052083333333333336 0.10582010582010581
0 0.04092261904761905 0.751984126984127 0.0818452380952381 0.15476190476190477
0 0.8396577380952381 0.5787037037037037 0.029017857142857144 0.051587301587301584
0 0.1402529761904762 0.544973544973545 0.027529761904761904 0.05555555555555555
0 0.18377976190476192 0.7387566137566137 0.08779761904761904 0.1388888888888889