0 0.87841796875 0.5260416666666666 0.0283203125 0.041666666666666664
0 0.99169921875 0.5149739583333334 0.0166015625 0.02734375
0 0.666015625 0.6002604166666666 0.072265625 0.08333333333333333
0 0.89208984375 0.5455729166666666 0.0498046875 0.06770833333333333
0 0.29296875 0.6412760416666666 0.025390625 0.03515625
0 0.45458984375 0.6263020833333334 0.0302734375 0.046875
0 0.63330078125 0.583984375 0.0361328125 0.053385416666666664
0 0.37353515625 0.623046875 0.0263671875 0.04296875
0 0.31689453125 0.6451822916666666 0.0263671875 0.037760416666666664
0 0.5009765625 0.583984375 0.0234375 0.032552083333333336
0 0.57373046875 0.6158854166666666 0.0517578125 0.0625
0 0.939453125 0.5091145833333334 0.037109375 0.049479166666666664
0 0.43896484375 0.5944010416666666 0.0205078125 0.02734375
0 0.4794921875 0.6106770833333334 0.02734375 0.03125
0 0.7958984375 0.52734375 0.02734375 0.036458333333333336
0 0.0439453125 0.7141927083333334 0.03125 0.04296875
0 0.79296875 0.59375 0.0625 0.08072916666666667
0 0.53759765625 0.5735677083333334 0.0244140625 0.03515625
0 0.69970703125 0.58984375 0.0439453125 0.052083333333333336
0 0.13232421875 0.6985677083333334 0.0244140625 0.03515625
0 0.412109375 0.6048177083333334 0.021484375 0.02734375
0 0.7666015625 0.5436197916666666 0.0234375 0.037760416666666664
0 0.154296875 0.685546875 0.021484375 0.032552083333333336
0 0.27294921875 0.6575520833333334 0.0322265625 0.044270833333333336
0 0.18310546875 0.6712239583333334 0.0263671875 0.03515625
0 0.2265625 0.6705729166666666 0.033203125 0.0546875
0 0.58544921875 0.5651041666666666 0.0224609375 0.033854166666666664
0 0.734375 0.544921875 0.02734375 0.03515625
0 0.07763671875 0.7239583333333334 0.0302734375 0.044270833333333336
0 0.61962890625 0.7322135416666667 0.09862304687500001 0.1441145833333334
0 0.38916015625 0.7747395833333334 0.0888671875 0.125
0 0.8466796875 0.5260416666666666 0.037109375 0.049479166666666664
0 0.875810546875 0.7422005208333333 0.13833984375000008 0.1979427083333333