0 0.6346726190476191 0.5529100529100529 0.019345238095238096 0.037037037037037035
0 0.5386904761904762 0.5694444444444444 0.020833333333333332 0.03835978835978836
0 0.6357886904761905 0.5773809523809523 0.023065476190476192 0.04894179894179894
0 0.1328125 0.4755291005291005 0.023065476190476192 0.041005291005291
0 0.5822172619047619 0.623015873015873 0.027529761904761904 0.05555555555555555
0 0.4973958333333333 0.5496031746031746 0.024553571428571428 0.04365079365079365
0 0.20833333333333334 0.49007936507936506 0.019345238095238096 0.03571428571428571
0 0.5952380952380952 0.5502645502645502 0.019345238095238096 0.037037037037037035
0 0.27157738095238093 0.5 0.025297619047619048 0.047619047619047616
0 0.6595982142857143 0.6607142857142857 0.03050595238095238 0.062169312169312166
0 0.058779761904761904 0.42857142857142855 0.03422619047619048 0.05555555555555555
0 0.7023809523809523 0.5998677248677249 0.028273809523809524 0.051587301587301584
0 0.5777529761904762 0.5720899470899471 0.021577380952380952 0.04365079365079365
0 0.5825892857142857 0.8082010582010583 0.05803571428571429 0.11375661375661375
0 0.36904761904761907 0.5132275132275133 0.03422619047619048 0.06349206349206349
0 0.7455357142857143 0.8644179894179894 0.07142857142857142 0.14947089947089948
0 0.7261904761904762 0.6792328042328042 0.03422619047619048 0.06481481481481481
0 0.8608630952380952 0.9126984126984127 0.06845238095238096 0.12962962962962962
0 0.37686011904761907 0.746031746031746 0.04538690476190476 0.09523809523809523