0 0.7150297619047619 0.4722222222222222 0.041666666666666664 0.07142857142857142
0 0.47172619047619047 0.4748677248677249 0.01636904761904762 0.031746031746031744
0 0.28720238095238093 0.4708994708994709 0.019345238095238096 0.03968253968253968
0 0.4888392857142857 0.4722222222222222 0.019345238095238096 0.03439153439153439
0 0.4728422619047619 0.4947089947089947 0.020089285714285716 0.037037037037037035
0 0.3478422619047619 0.48743386243386244 0.023065476190476192 0.04365079365079365
0 0.6127232142857143 0.38492063492063494 0.033482142857142856 0.0582010582010582
0 0.8370535714285714 0.49074074074074076 0.025297619047619048 0.05026455026455026
0 0.3991815476190476 0.5205026455026455 0.04985119047619048 0.08597883597883597
0 0.21614583333333334 0.5125661375661376 0.036458333333333336 0.06746031746031746
0 0.04241071428571429 0.5357142857142857 0.03422619047619048 0.06878306878306878
0 0.6409970238095238 0.4828042328042328 0.014136904761904762 0.026455026455026454
0 0.5319940476190477 0.48214285714285715 0.022321428571428572 0.04365079365079365
0 0.6633184523809523 0.4808201058201058 0.023065476190476192 0.03835978835978836
0 0.6335565476190477 0.5476190476190477 0.04538690476190476 0.09259259259259259
0 0.5770089285714286 0.46164021164021163 0.01711309523809524 0.03439153439153439
0 0.44233630952380953 0.4973544973544973 0.026041666666666668 0.047619047619047616
0 0.7659970238095238 0.4384920634920635 0.058779761904761904 0.0992063492063492
0 0.2741815476190476 0.5376984126984127 0.04836309523809524 0.10185185185185185
0 0.8746279761904762 0.4021164021164021 0.036458333333333336 0.06084656084656084
0 0.49404761904761907 0.5462962962962963 0.043154761904761904 0.082010582010582
0 0.11755952380952381 0.5681216931216931 0.05952380952380952 0.11507936507936507