0 0.236675 0.718029 0.064858 0.153040
0 0.405307 0.688679 0.055425 0.123690
0 0.542099 0.641509 0.057783 0.083857
0 0.639387 0.610063 0.063679 0.092243
0 0.575708 0.522013 0.021226 0.058700
0 0.518868 0.542094 0.032274 0.054066
0 0.466112 0.550370 0.032274 0.066203
0 0.397530 0.572437 0.024206 0.068410
0 0.271847 0.570782 0.050894 0.067307
0 0.175645 0.602781 0.035998 0.093788
0 0.147716 0.538784 0.027309 0.073927
0 0.183404 0.503476 0.032895 0.060686
0 0.160439 0.488028 0.026688 0.051859
0 0.155474 0.446100 0.022964 0.045239
0 0.185478 0.446840 0.011792 0.032345
0 0.197608 0.454627 0.017857 0.032345
0 0.212770 0.436658 0.014488 0.020365
0 0.218834 0.461815 0.015836 0.043127
0 0.233827 0.455526 0.011456 0.031746
0 0.253706 0.448637 0.012803 0.028751
0 0.270216 0.454927 0.014151 0.031746
0 0.285040 0.445043 0.012803 0.031147
0 0.297844 0.453729 0.010782 0.040132
0 0.315364 0.438155 0.010782 0.031746
0 0.326314 0.447739 0.009771 0.036538
0 0.274764 0.485175 0.019879 0.039533
0 0.250337 0.494759 0.024933 0.034741
0 0.238376 0.530997 0.031334 0.055705
0 0.319239 0.522911 0.031334 0.057502
0 0.309131 0.482180 0.019205 0.045523
0 0.357143 0.487871 0.016846 0.041330
0 0.363039 0.463312 0.017857 0.032944
0 0.352080 0.447132 0.015119 0.029028
0 0.340137 0.447401 0.007559 0.014514
0 0.390699 0.456564 0.013267 0.029481
0 0.381854 0.450341 0.011055 0.027516
0 0.403486 0.496200 0.015109 0.035377
0 0.387087 0.507010 0.020637 0.050445
0 0.449366 0.492597 0.020637 0.045204
0 0.426150 0.463116 0.017689 0.032102
0 0.449182 0.469012 0.018794 0.021619
0 0.499116 0.476546 0.017689 0.037998
0 0.428914 0.386792 0.018057 0.035377
0 0.454894 0.444772 0.012529 0.022930
0 0.460974 0.436583 0.009213 0.022275
0 0.477742 0.452634 0.014004 0.030791
0 0.480874 0.436255 0.012161 0.024240
0 0.492743 0.428318 0.007862 0.019352
0 0.497883 0.441219 0.012095 0.020427
0 0.519201 0.436381 0.008164 0.017202
0 0.540215 0.440950 0.009676 0.016664
0 0.525248 0.443907 0.009373 0.017202
0 0.522527 0.459765 0.014816 0.022039
0 0.542937 0.480460 0.015119 0.030103
0 0.569848 0.475891 0.012700 0.030640
0 0.560776 0.439607 0.011490 0.024727
0 0.584210 0.434769 0.010583 0.024727
0 0.576046 0.455464 0.011792 0.026340
0 0.589048 0.469172 0.010583 0.032253
0 0.598724 0.442832 0.013002 0.022577
0 0.603139 0.494705 0.010583 0.040316
0 0.612663 0.461108 0.009676 0.025802
0 0.625363 0.448207 0.012095 0.020427
0 0.628387 0.483685 0.013909 0.036553
0 0.634283 0.460033 0.016026 0.023652
0 0.659833 0.461108 0.015119 0.030103
0 0.680999 0.453314 0.015119 0.028490
0 0.651518 0.492555 0.022073 0.036016
0 0.692187 0.480998 0.014514 0.036553
0 0.721366 0.476966 0.020864 0.036016
0 0.705945 0.511369 0.019049 0.039241
0 0.738017 0.505173 0.016357 0.043281
0 0.774346 0.496382 0.017498 0.047339
0 0.804588 0.497734 0.012553 0.039224
0 0.827792 0.491648 0.015596 0.035166
0 0.904443 0.530195 0.015216 0.047339
0 0.925175 0.511598 0.020922 0.052073