0 0.8125 0.5621085594989561 0.0296875 0.04279749478079332
0 0.402734375 0.541231732776618 0.02265625 0.028183716075156576
0 0.79609375 0.581419624217119 0.0484375 0.0709812108559499
0 0.420703125 0.5407098121085595 0.02421875 0.031315240083507306
0 0.376171875 0.5741127348643006 0.03046875 0.04384133611691023
0 0.3453125 0.5375782881002088 0.0203125 0.027139874739039668
0 0.293359375 0.5668058455114823 0.04140625 0.060542797494780795
0 0.693359375 0.5563674321503131 0.03203125 0.03966597077244259
0 0.582421875 0.5850730688935282 0.03984375 0.059498956158663886
0 0.56171875 0.545929018789144 0.025 0.033402922755741124
0 0.334375 0.675365344467641 0.0609375 0.09394572025052192
0 0.144140625 0.5485386221294363 0.03359375 0.04697286012526096
0 0.344921875 0.56419624217119 0.02890625 0.04488517745302714
0 0.071875 0.6586638830897703 0.06875 0.08559498956158663
0 0.64765625 0.5694154488517745 0.034375 0.04488517745302714
0 0.497265625 0.5808977035490606 0.03671875 0.05741127348643006
0 0.2703125 0.6920668058455115 0.08125 0.11899791231732777
0 0.52421875 0.5532359081419624 0.0296875 0.03966597077244259