0 0.20833333333333334 0.5502645502645502 0.026785714285714284 0.05291005291005291
0 0.48660714285714285 0.5337301587301587 0.025297619047619048 0.05423280423280423
0 0.8467261904761905 0.5615079365079365 0.022321428571428572 0.04894179894179894
0 0.8846726190476191 0.5324074074074074 0.01636904761904762 0.027777777777777776
0 0.7931547619047619 0.5667989417989417 0.020833333333333332 0.03835978835978836
0 0.7328869047619048 0.5264550264550265 0.01636904761904762 0.0291005291005291
0 0.32775297619047616 0.53505291005291 0.014136904761904762 0.03042328042328042
0 0.9787946428571429 0.5687830687830688 0.04241071428571429 0.08465608465608465
0 0.3828125 0.5343915343915344 0.020089285714285716 0.037037037037037035
0 0.8024553571428571 0.53505291005291 0.021577380952380952 0.041005291005291
0 0.7756696428571429 0.542989417989418 0.015625 0.03042328042328042
0 0.36421130952380953 0.5185185185185185 0.014136904761904762 0.03439153439153439
0 0.7645089285714286 0.5205026455026455 0.014136904761904762 0.022486772486772486
0 0.7243303571428571 0.53505291005291 0.018601190476190476 0.03571428571428571
0 0.6060267857142857 0.5112433862433863 0.012648809523809524 0.022486772486772486
0 0.8898809523809523 0.5562169312169312 0.023809523809523808 0.051587301587301584
0 0.8366815476190477 0.5363756613756614 0.018601190476190476 0.03306878306878307
0 0.9363839285714286 0.5813492063492064 0.033482142857142856 0.0701058201058201
0 0.6934523809523809 0.5132275132275133 0.01488095238095238 0.026455026455026454
0 0.5613839285714286 0.501984126984127 0.014136904761904762 0.022486772486772486
0 0.4337797619047619 0.5291005291005291 0.022321428571428572 0.047619047619047616
0 0.6674107142857143 0.5125661375661376 0.01636904761904762 0.03042328042328042
0 0.6956845238095238 0.5376984126984127 0.017857142857142856 0.03835978835978836
0 0.6235119047619048 0.5165343915343915 0.01488095238095238 0.027777777777777776
0 0.3087797619047619 0.5158730158730159 0.019345238095238096 0.03968253968253968
0 0.41964285714285715 0.5066137566137566 0.011904761904761904 0.023809523809523808
0 0.22730654761904762 0.5667989417989417 0.04092261904761905 0.07275132275132275
0 0.6383928571428571 0.5105820105820106 0.013392857142857142 0.023809523809523808
0 0.47953869047619047 0.5165343915343915 0.015625 0.03042328042328042
0 0.28273809523809523 0.5085978835978836 0.01636904761904762 0.03042328042328042
0 0.7555803571428571 0.6494708994708994 0.05431547619047619 0.09788359788359788
0 0.45275297619047616 0.503968253968254 0.015625 0.031746031746031744
0 0.3478422619047619 0.5297619047619048 0.01711309523809524 0.03042328042328042
0 0.13467261904761904 0.8055555555555556 0.08035714285714286 0.13756613756613756
0 0.32514880952380953 0.5720899470899471 0.02976190476190476 0.06481481481481481
0 0.6123511904761905 0.6362433862433863 0.05357142857142857 0.10052910052910052
0 0.4959077380952381 0.5628306878306878 0.026041666666666668 0.056878306878306875
0 0.5885416666666666 0.5085978835978836 0.013392857142857142 0.027777777777777776
0 0.39099702380952384 0.5079365079365079 0.015625 0.0291005291005291
0 0.2526041666666667 0.5165343915343915 0.023065476190476192 0.041005291005291
0 0.5565476190476191 0.5588624338624338 0.02976190476190476 0.056878306878306875
0 0.2819940476190476 0.5443121693121693 0.020833333333333332 0.04365079365079365
0 0.4445684523809524 0.6626984126984127 0.058779761904761904 0.10052910052910052
0 0.4177827380952381 0.5873015873015873 0.03050595238095238 0.07407407407407407
0 0.04575892857142857 0.6931216931216931 0.09151785714285714 0.17989417989417988