0 0.5546875 0.38492063492063494 0.015625 0.03968253968253968
0 0.5844494047619048 0.36044973544973546 0.011160714285714286 0.017195767195767195
0 0.6082589285714286 0.36574074074074076 0.012648809523809524 0.02513227513227513
0 0.28422619047619047 0.35978835978835977 0.020833333333333332 0.03968253968253968
0 0.5323660714285714 0.3948412698412698 0.020089285714285716 0.03835978835978836
0 0.5219494047619048 0.4973544973544973 0.04538690476190476 0.082010582010582
0 0.6666666666666666 0.4332010582010582 0.03422619047619048 0.05952380952380952
0 0.43526785714285715 0.3445767195767196 0.022321428571428572 0.04365079365079365
0 0.3314732142857143 0.33201058201058203 0.04092261904761905 0.07671957671957672
0 0.7016369047619048 0.3855820105820106 0.017857142857142856 0.03571428571428571
0 0.5825892857142857 0.3941798941798942 0.023809523809523808 0.047619047619047616
0 0.5513392857142857 0.3551587301587302 0.01636904761904762 0.02513227513227513
0 0.6532738095238095 0.39021164021164023 0.01636904761904762 0.03439153439153439
0 0.4505208333333333 0.41203703703703703 0.034970238095238096 0.06481481481481481
0 0.07775297619047619 0.39616402116402116 0.04092261904761905 0.08068783068783068
0 0.8002232142857143 0.4107142857142857 0.020089285714285716 0.03306878306878307
0 0.7659970238095238 0.41335978835978837 0.021577380952380952 0.046296296296296294
0 0.5677083333333334 0.4794973544973545 0.03273809523809524 0.05952380952380952
0 0.8601190476190477 0.43187830687830686 0.020833333333333332 0.041005291005291
0 0.05617559523809524 0.4808201058201058 0.05133928571428571 0.0992063492063492
0 0.7180059523809523 0.4298941798941799 0.03422619047619048 0.06084656084656084
0 0.8939732142857143 0.42724867724867727 0.024553571428571428 0.04497354497354497
0 0.017857142857142856 0.376984126984127 0.03571428571428571 0.082010582010582
0 0.25818452380952384 0.3498677248677249 0.020833333333333332 0.046296296296296294