0 0.9822048611111112 0.5902777777777778 0.035590277777777776 0.0787037037037037
0 0.3355034722222222 0.43113425925925924 0.019965277777777776 0.028935185185185185
0 0.6493055555555556 0.40219907407407407 0.017361111111111112 0.019675925925925927
0 0.3615451388888889 0.48148148148148145 0.018229166666666668 0.032407407407407406
0 0.7699652777777778 0.4554398148148148 0.020833333333333332 0.028935185185185185
0 0.9136284722222222 0.5584490740740741 0.08940972222222222 0.13078703703703703
0 0.8736979166666666 0.4664351851851852 0.018229166666666668 0.03009259259259259
0 0.08506944444444445 0.4809027777777778 0.08159722222222222 0.09606481481481481
0 0.5746527777777778 0.4756944444444444 0.024305555555555556 0.032407407407407406
0 0.6032986111111112 0.45775462962962965 0.017361111111111112 0.02662037037037037
0 0.6475694444444444 0.45717592592592593 0.019097222222222224 0.023148148148148147
0 0.7738715277777778 0.47511574074074076 0.033854166666666664 0.04976851851851852
0 0.5868055555555556 0.4513888888888889 0.017361111111111112 0.023148148148148147
0 0.4735243055555556 0.5208333333333334 0.11950520833333335 0.19137731481481476
0 0.5464409722222222 0.5133101851851852 0.07552083333333333 0.09837962962962964
0 0.1921267361111111 0.5584722222222221 0.1446701388888889 0.2627662037037037
0 0.8302951388888888 0.4681712962962963 0.035590277777777776 0.04513888888888889
0 0.9644097222222222 0.4635416666666667 0.07118055555555555 0.11226851851851852
0 0.6974826388888888 0.4652777777777778 0.0234375 0.027777777777777776
0 0.6644965277777778 0.46875 0.018229166666666668 0.032407407407407406
0 0.3311631944444444 0.47511574074074076 0.0546875 0.08217592592592593
0 0.5221354166666666 0.45775462962962965 0.018229166666666668 0.024305555555555556
0 0.7078993055555556 0.5960648148148148 0.1032986111111111 0.12962962962962962
0 0.2690972222222222 0.4548611111111111 0.027777777777777776 0.03935185185185185
0 0.3741319444444444 0.4496527777777778 0.027777777777777776 0.03819444444444445
0 0.4066840277777778 0.4548611111111111 0.033854166666666664 0.04861111111111111
0 0.6072048611111112 0.5069444444444444 0.049479166666666664 0.07407407407407407