0 0.823046875 0.5876826722338204 0.02890625 0.04175365344467641
0 0.331640625 0.6873695198329853 0.06953125 0.09081419624217119
0 0.809765625 0.605427974947808 0.06328125 0.07306889352818371
0 0.304296875 0.5855949895615866 0.04140625 0.05845511482254697
0 0.3890625 0.6017745302713987 0.0390625 0.061586638830897704
0 0.35703125 0.5835073068893528 0.0234375 0.03966597077244259
0 0.58671875 0.6143006263048016 0.0390625 0.059498956158663886
0 0.523828125 0.5709812108559499 0.02421875 0.04175365344467641
0 0.50390625 0.6127348643006263 0.04375 0.06680584551148225
0 0.439453125 0.558455114822547 0.02265625 0.031315240083507306
0 0.285546875 0.7019832985386222 0.08203125 0.12421711899791232
0 0.409375 0.5615866388308977 0.021875 0.033402922755741124
0 0.69453125 0.5782881002087683 0.0265625 0.037578288100208766
0 0.151171875 0.5626304801670147 0.03203125 0.04801670146137787
0 0.3546875 0.5542797494780793 0.021875 0.029227557411273485
0 0.56953125 0.5683716075156576 0.025 0.03653444676409186
0 0.075 0.6701461377870563 0.05625 0.07933194154488518
0 0.661328125 0.587160751565762 0.03515625 0.049060542797494784