0 0.237264 0.879455 0.099057 0.194969
0 0.410024 0.725367 0.074292 0.163522
0 0.575708 0.636268 0.082547 0.127883
0 0.667689 0.570231 0.056604 0.129979
0 0.555047 0.447379 0.028774 0.071279
0 0.500566 0.488889 0.031132 0.065409
0 0.442311 0.493920 0.040094 0.080503
0 0.374623 0.548847 0.033962 0.088050
0 0.231722 0.582460 0.064858 0.108316
0 0.081564 0.671558 0.068396 0.153739
0 0.019752 0.511181 0.039504 0.115304
0 0.143180 0.484976 0.059945 0.083857
0 0.056925 0.449876 0.041810 0.061940
0 0.012972 0.417000 0.025729 0.059081
0 0.012168 0.370783 0.024121 0.058128
0 0.043257 0.357442 0.021977 0.037164
0 0.104095 0.397942 0.023585 0.059081
0 0.088283 0.367925 0.016617 0.037164
0 0.115084 0.370307 0.023049 0.034305
0 0.132236 0.358395 0.020905 0.039070
0 0.153409 0.360778 0.019297 0.034305
0 0.171902 0.344578 0.025193 0.034305
0 0.194147 0.368401 0.017153 0.041929
0 0.210763 0.339337 0.020369 0.033352
0 0.235688 0.357442 0.016617 0.042882
0 0.254181 0.343625 0.015009 0.034305
0 0.284466 0.277873 0.028409 0.059081
0 0.215319 0.387460 0.021977 0.053364
0 0.176190 0.411283 0.020905 0.045740
0 0.152337 0.429388 0.034305 0.060987
0 0.220144 0.449400 0.023049 0.051458
0 0.250429 0.459405 0.037521 0.079093
0 0.273210 0.374595 0.027337 0.044787
0 0.283126 0.417477 0.021441 0.060034
0 0.310463 0.371736 0.023585 0.044787
0 0.354953 0.370307 0.021441 0.034305
0 0.336460 0.459882 0.029481 0.060987
0 0.337800 0.423194 0.024657 0.029541
0 0.377734 0.386030 0.020905 0.050505
0 0.398370 0.421765 0.028945 0.060987
0 0.457762 0.415571 0.024657 0.058128
0 0.354691 0.346145 0.015723 0.027952
0 0.382043 0.349057 0.013430 0.030282
0 0.406938 0.349348 0.016051 0.027370
0 0.420204 0.327219 0.013758 0.023876
0 0.434945 0.362159 0.015068 0.030864
0 0.434781 0.342068 0.009499 0.023294
0 0.446574 0.329548 0.010810 0.025041
0 0.459349 0.351386 0.015396 0.032611
0 0.454435 0.332751 0.011465 0.018635
0 0.474253 0.337119 0.014413 0.030864
0 0.494890 0.336245 0.016378 0.030282
0 0.483425 0.383997 0.017034 0.041929
0 0.563090 0.373515 0.002096 0.000000
0 0.514249 0.377591 0.014085 0.040764
0 0.519490 0.324307 0.011465 0.029700
0 0.525387 0.354880 0.018671 0.034941
0 0.544549 0.348183 0.012448 0.027370
0 0.566660 0.341777 0.013430 0.029700
0 0.559945 0.362450 0.015068 0.030282
0 0.579271 0.357209 0.015068 0.034941
0 0.562238 0.406417 0.022930 0.042511
0 0.580254 0.397682 0.020964 0.046005
0 0.862332 0.433363 0.026280 0.041330
0 0.870249 0.398023 0.024596 0.042528
0 0.776078 0.390836 0.021563 0.030548
0 0.755357 0.402815 0.020553 0.037736
0 0.735815 0.401617 0.023922 0.038934
0 0.709367 0.420785 0.020889 0.042528
0 0.661826 0.413896 0.022574 0.047919
0 0.672271 0.379155 0.014488 0.034741
0 0.651887 0.377957 0.020889 0.032345
0 0.609602 0.394489 0.020553 0.038335
0 0.607244 0.360946 0.016509 0.028751
0 0.622574 0.347170 0.019542 0.035939
0 0.593008 0.338811 0.021683 0.014878