0 0.04453125 0.5828125 0.0296875 0.040625
0 0.85546875 0.61875 0.0390625 0.058333333333333334
0 0.438671875 0.5817708333333333 0.01796875 0.028125
0 0.463671875 0.5869791666666667 0.02421875 0.030208333333333334
0 0.389453125 0.5822916666666667 0.02890625 0.04583333333333333
0 0.397265625 0.721875 0.05703125 0.07708333333333334
0 0.4484375 0.696875 0.040625 0.06041666666666667
0 0.590234375 0.5833333333333334 0.02734375 0.0375
0 0.87109375 0.5947916666666667 0.034375 0.05416666666666667
0 0.0421875 0.6151041666666667 0.0546875 0.078125
0 0.49296875 0.5666666666666667 0.01875 0.027083333333333334
0 0.44296875 0.5572916666666666 0.0203125 0.027083333333333334
0 0.6359375 0.5770833333333333 0.0265625 0.03958333333333333
0 0.26796875 0.5635416666666667 0.028125 0.04375
0 0.187890625 0.6666666666666666 0.05546875 0.075
0 0.517578125 0.5614583333333333 0.01796875 0.022916666666666665
0 0.7578125 0.5921875 0.0296875 0.042708333333333334
0 0.712109375 0.5958333333333333 0.03203125 0.04375
0 0.64375 0.6213541666666667 0.034375 0.059375