0 0.147125 0.660577 0.023585 0.050913
0 0.181098 0.651093 0.023023 0.055905
0 0.202718 0.671059 0.031447 0.047919
0 0.120171 0.600679 0.015723 0.032944
0 0.111748 0.598183 0.015723 0.037936
0 0.350966 0.549266 0.016846 0.029949
0 0.379226 0.596873 0.014741 0.030573
0 0.430326 0.593379 0.021619 0.030573
0 0.460544 0.594689 0.020145 0.034941
0 0.555228 0.642732 0.031447 0.052411
0 0.666519 0.630503 0.020145 0.061146
0 0.594045 0.609539 0.015723 0.020964
0 0.644163 0.592505 0.017689 0.037561
0 0.674283 0.592855 0.015232 0.034067
0 0.690743 0.597222 0.027516 0.062020
0 0.728086 0.598096 0.027516 0.056778
0 0.747740 0.576258 0.027516 0.051537
0 0.799971 0.564902 0.022111 0.051537
0 0.742974 0.666230 0.025059 0.063767
0 0.815448 0.667977 0.033412 0.082984
0 0.540738 0.773775 0.051458 0.114351
0 0.655982 0.793787 0.063250 0.108634
0 0.796955 0.834763 0.068611 0.144845