0 0.5907738095238095 0.41865079365079366 0.017857142857142856 0.03042328042328042
0 0.7779017857142857 0.4503968253968254 0.01711309523809524 0.03571428571428571
0 0.6078869047619048 0.414021164021164 0.013392857142857142 0.031746031746031744
0 0.46726190476190477 0.4279100529100529 0.017857142857142856 0.03306878306878307
0 0.9408482142857143 0.4246031746031746 0.015625 0.0291005291005291
0 0.7269345238095238 0.4226190476190476 0.019345238095238096 0.03835978835978836
0 0.5182291666666666 0.3783068783068783 0.011160714285714286 0.015873015873015872
0 0.5022321428571429 0.38756613756613756 0.011904761904761904 0.023809523809523808
0 0.7693452380952381 0.43386243386243384 0.017857142857142856 0.03439153439153439
0 0.5643601190476191 0.3968253968253968 0.014136904761904762 0.0291005291005291
0 0.9255952380952381 0.43915343915343913 0.020833333333333332 0.042328042328042326
0 0.4337797619047619 0.43386243386243384 0.013392857142857142 0.031746031746031744
0 0.8943452380952381 0.42063492063492064 0.01636904761904762 0.031746031746031744
0 0.6134672619047619 0.5257936507936508 0.023065476190476192 0.05423280423280423
0 0.3247767857142857 0.4351851851851852 0.023065476190476192 0.047619047619047616
0 0.5866815476190477 0.4001322751322751 0.014136904761904762 0.027777777777777776
0 0.46316964285714285 0.4107142857142857 0.015625 0.03306878306878307
0 0.9851190476190477 0.4351851851851852 0.023809523809523808 0.047619047619047616
0 0.6223958333333334 0.42923280423280424 0.01711309523809524 0.03835978835978836
0 0.43080357142857145 0.4074074074074074 0.01488095238095238 0.026455026455026454
0 0.8616071428571429 0.4166666666666667 0.01636904761904762 0.0291005291005291
0 0.7808779761904762 0.5324074074074074 0.031994047619047616 0.062169312169312166
0 0.8113839285714286 0.4173280423280423 0.023065476190476192 0.041005291005291
0 0.5401785714285714 0.38955026455026454 0.013392857142857142 0.02513227513227513
0 0.5416666666666666 0.45701058201058203 0.017857142857142856 0.03306878306878307
0 0.5628720238095238 0.414021164021164 0.015625 0.0291005291005291
0 0.6116071428571429 0.3888888888888889 0.013392857142857142 0.023809523809523808
0 0.9661458333333334 0.5615079365079365 0.04241071428571429 0.07804232804232804
0 0.6696428571428571 0.3492063492063492 0.022321428571428572 0.042328042328042326
0 0.4802827380952381 0.3921957671957672 0.014136904761904762 0.027777777777777776
0 0.5970982142857143 0.4523809523809524 0.018601190476190476 0.042328042328042326
0 0.5026041666666666 0.4365079365079365 0.015625 0.0291005291005291
0 0.7760416666666666 0.414021164021164 0.01636904761904762 0.0291005291005291
0 0.7313988095238095 0.47023809523809523 0.020833333333333332 0.041005291005291
0 0.46912202380952384 0.5105820105820106 0.024553571428571428 0.047619047619047616
0 0.5119047619047619 0.4623015873015873 0.017857142857142856 0.041005291005291
0 0.7157738095238095 0.5072751322751323 0.025297619047619048 0.05423280423280423
0 0.6391369047619048 0.40476190476190477 0.017857142857142856 0.03439153439153439
0 0.5223214285714286 0.4146825396825397 0.013392857142857142 0.027777777777777776
0 0.13504464285714285 0.5152116402116402 0.04092261904761905 0.08068783068783068
0 0.8991815476190477 0.4914021164021164 0.027529761904761904 0.051587301587301584
0 0.7533482142857143 0.5793650793650794 0.036458333333333336 0.07142857142857142
0 0.8824404761904762 0.6388888888888888 0.049107142857142856 0.09788359788359788
0 0.36421130952380953 0.45105820105820105 0.024553571428571428 0.03968253968253968
0 0.39806547619047616 0.42592592592592593 0.017857142857142856 0.037037037037037035
0 0.30654761904761907 0.578042328042328 0.050595238095238096 0.08994708994708994
0 0.24144345238095238 0.4775132275132275 0.031994047619047616 0.06084656084656084
0 0.4133184523809524 0.45105820105820105 0.020089285714285716 0.03968253968253968
0 0.4494047619047619 0.460978835978836 0.020833333333333332 0.041005291005291
0 0.8415178571428571 0.42394179894179895 0.019345238095238096 0.03571428571428571
0 0.17447916666666666 0.5363756613756614 0.033482142857142856 0.07275132275132275
0 0.5691964285714286 0.46296296296296297 0.026785714285714284 0.047619047619047616
0 0.9709821428571429 0.49603174603174605 0.028273809523809524 0.05291005291005291
0 0.2421875 0.5515873015873016 0.046875 0.08994708994708994
0 0.28683035714285715 0.48478835978835977 0.024553571428571428 0.051587301587301584
0 0.9538690476190477 0.458994708994709 0.01636904761904762 0.03968253968253968
0 0.7864583333333334 0.4801587301587302 0.03125 0.0582010582010582
0 0.5234375 0.5238095238095238 0.027529761904761904 0.05555555555555555
0 0.8898809523809523 0.4576719576719577 0.020833333333333332 0.03439153439153439
0 0.3541666666666667 0.5013227513227513 0.02976190476190476 0.0582010582010582
0 0.4069940476190476 0.5033068783068783 0.03273809523809524 0.05952380952380952
0 0.8459821428571429 0.5383597883597884 0.03125 0.06349206349206349
0 0.8381696428571429 0.47156084656084657 0.027529761904761904 0.056878306878306875