0 0.855189 0.432914 0.080189 0.119497
0 0.765566 0.460168 0.058962 0.094340
0 0.737854 0.574423 0.041274 0.083857
0 0.705425 0.552411 0.033019 0.073375
0 0.667689 0.542977 0.033019 0.058700
0 0.628774 0.603774 0.044811 0.071279
0 0.501415 0.593291 0.040094 0.075472
0 0.556967 0.571037 0.028120 0.033866
0 0.618877 0.544831 0.026760 0.047573
0 0.577830 0.514998 0.021771 0.044348
0 0.609806 0.500887 0.017689 0.035478
0 0.647905 0.493630 0.014060 0.032253
0 0.528846 0.517013 0.020864 0.038703
0 0.495056 0.532334 0.026760 0.048379
0 0.468750 0.529108 0.014967 0.030640
0 0.459679 0.514191 0.016782 0.024996
0 0.500499 0.475488 0.024038 0.044348
0 0.520229 0.480326 0.022678 0.013707
0 0.327206 0.530768 0.024279 0.044395
0 0.282800 0.534281 0.018781 0.041152
0 0.213793 0.533504 0.020528 0.028729
0 0.199380 0.547092 0.017907 0.027952
0 0.103817 0.484898 0.036251 0.055129
0 0.114299 0.566038 0.028389 0.074540
0 0.137448 0.605249 0.032757 0.084634
0 0.045073 0.564485 0.036688 0.057458
0 0.013845 0.593214 0.026642 0.072987
0 0.037146 0.736781 0.068789 0.193338