0 0.045878 0.572227 0.043239 0.065888
0 0.131233 0.593192 0.038747 0.059898
0 0.124775 0.550265 0.032570 0.019966
0 0.194126 0.544774 0.027516 0.054907
0 0.195811 0.505341 0.023023 0.019966
0 0.259265 0.512329 0.024146 0.041929
0 0.381963 0.476390 0.022462 0.029949
0 0.418183 0.485874 0.023023 0.032944
0 0.384209 0.514825 0.017969 0.028951
0 0.359782 0.577219 0.033131 0.051912
0 0.398529 0.679545 0.035377 0.076869
0 0.438398 0.675052 0.037624 0.079864
0 0.739106 0.604173 0.031447 0.077868
0 0.597316 0.536288 0.024146 0.043925
0 0.577943 0.513826 0.021339 0.038934
0 0.556885 0.477888 0.021900 0.034941
0 0.623989 0.516821 0.025831 0.040930
0 0.686602 0.485874 0.019654 0.028951
0 0.728437 0.498852 0.028077 0.032944
0 0.795822 0.525307 0.028077 0.043925
0 0.855346 0.523810 0.029200 0.042927
0 0.903920 0.566237 0.034254 0.059898