0 0.33935546875 0.6533203125 0.0224609375 0.02734375
0 0.885048828125 0.722275390625 0.22516601562499994 0.2144921875000001
0 0.30810546875 0.64892578125 0.0439453125 0.0498046875
0 0.27392578125 0.66845703125 0.0791015625 0.0751953125
0 0.158203125 0.65966796875 0.037109375 0.0380859375
0 0.04736328125 0.68701171875 0.0458984375 0.0517578125
0 0.0146484375 0.66552734375 0.029296875 0.0361328125
0 0.3876953125 0.65673828125 0.046875 0.0498046875
0 0.52392578125 0.64453125 0.0244140625 0.033203125
0 0.5576171875 0.6484375 0.04296875 0.041015625
0 0.19189453125 0.6640625 0.0361328125 0.044921875
0 0.72412109375 0.64697265625 0.0283203125 0.0361328125
0 0.64892578125 0.62646484375 0.0791015625 0.0810546875
0 0.4609375 0.65234375 0.03515625 0.0390625
0 0.7958984375 0.63330078125 0.03515625 0.0380859375