0 0.138037 0.729210 0.059617 0.133939
0 0.274961 0.704170 0.066169 0.116469
0 0.412539 0.711740 0.055687 0.098998
0 0.390920 0.534125 0.026861 0.032611
0 0.345060 0.552178 0.029481 0.047752
0 0.273323 0.535872 0.032757 0.040764
0 0.234342 0.555672 0.039963 0.045423
0 0.568726 0.549686 0.025000 0.031027
0 0.596557 0.548847 0.017453 0.025996
0 0.624858 0.545073 0.024057 0.028512
0 0.653632 0.524109 0.023113 0.033543
0 0.677925 0.519078 0.016038 0.030189
0 0.688774 0.548428 0.016981 0.048637
0 0.739245 0.537945 0.025472 0.046122
0 0.692547 0.593711 0.034906 0.040252
0 0.806321 0.583229 0.022642 0.039413
0 0.821651 0.578616 0.021226 0.048637
0 0.840755 0.564361 0.023585 0.046960
0 0.981840 0.671908 0.036320 0.090147