0 0.375825 0.702306 0.069575 0.096436
0 0.573939 0.723270 0.069575 0.134172
0 0.744340 0.752621 0.061321 0.109015
0 0.865802 0.777778 0.080189 0.134172
0 0.731958 0.619497 0.041274 0.073375
0 0.664741 0.620545 0.038915 0.071279
0 0.570401 0.593291 0.038915 0.075472
0 0.332193 0.513627 0.043632 0.092243
0 0.243160 0.497904 0.033019 0.060797
0 0.139976 0.544025 0.038915 0.060797
0 0.210731 0.538784 0.034198 0.046122
0 0.497455 0.551363 0.019240 0.054507
0 0.538419 0.564714 0.022964 0.037515
0 0.596760 0.542094 0.020482 0.031998
0 0.577830 0.559748 0.024826 0.038619
0 0.633379 0.558645 0.022964 0.045239
0 0.638654 0.538232 0.014896 0.033102
0 0.704134 0.568024 0.026688 0.057376