0 0.3203125 0.32341269841269843 0.01711309523809524 0.03571428571428571
0 0.5558035714285714 0.3439153439153439 0.025297619047619048 0.05291005291005291
0 0.004464285714285714 0.29828042328042326 0.008928571428571428 0.027777777777777776
0 0.5524553571428571 0.3187830687830688 0.018601190476190476 0.037037037037037035
0 0.24739583333333334 0.3115079365079365 0.031994047619047616 0.05952380952380952
0 0.39806547619047616 0.2896825396825397 0.017857142857142856 0.03439153439153439
0 0.31101190476190477 0.2896825396825397 0.017857142857142856 0.031746031746031744
0 0.08928571428571429 0.29828042328042326 0.025297619047619048 0.04894179894179894
0 0.033854166666666664 0.2804232804232804 0.023065476190476192 0.042328042328042326
0 0.4322916666666667 0.2837301587301587 0.01636904761904762 0.027777777777777776
0 0.3854166666666667 0.3029100529100529 0.020833333333333332 0.042328042328042326
0 0.030133928571428572 0.31812169312169314 0.033482142857142856 0.062169312169312166
0 0.47061011904761907 0.2943121693121693 0.020089285714285716 0.041005291005291
0 0.3169642857142857 0.42394179894179895 0.03571428571428571 0.0701058201058201
0 0.3392857142857143 0.3048941798941799 0.01636904761904762 0.03306878306878307
0 0.4348958333333333 0.32671957671957674 0.023065476190476192 0.04497354497354497
0 0.3508184523809524 0.2896825396825397 0.023065476190476192 0.04497354497354497
0 0.44568452380952384 0.5284391534391535 0.046130952380952384 0.09126984126984126
0 0.6130952380952381 0.34325396825396826 0.025297619047619048 0.051587301587301584
0 0.7700892857142857 0.48478835978835977 0.05654761904761905 0.11507936507936507
0 0.25632440476190477 0.38293650793650796 0.03050595238095238 0.05952380952380952
0 0.5133928571428571 0.2863756613756614 0.022321428571428572 0.04365079365079365
0 0.39620535714285715 0.4365079365079365 0.04092261904761905 0.07142857142857142
0 0.6075148809523809 0.4146825396825397 0.033482142857142856 0.06481481481481481
0 0.07291666666666667 0.375 0.03720238095238095 0.07539682539682539
0 0.23102678571428573 0.4298941798941799 0.03794642857142857 0.07671957671957672
0 0.29389880952380953 0.5178571428571429 0.047619047619047616 0.0992063492063492
0 0.017485119047619048 0.3955026455026455 0.034970238095238096 0.082010582010582
0 0.5740327380952381 0.49867724867724866 0.04241071428571429 0.08465608465608465
0 0.13578869047619047 0.21296296296296297 0.04092261904761905 0.07936507936507936
0 0.6841517857142857 0.4947089947089947 0.04389880952380952 0.08465608465608465
0 0.5066964285714286 0.4193121693121693 0.03273809523809524 0.06613756613756613
0 0.31473214285714285 0.3584656084656085 0.025297619047619048 0.047619047619047616
0 0.5033482142857143 0.3439153439153439 0.029017857142857144 0.0582010582010582
0 0.29799107142857145 0.3167989417989418 0.020089285714285716 0.041005291005291
0 0.44680059523809523 0.3664021164021164 0.029017857142857144 0.06349206349206349
0 0.8482142857142857 0.5806878306878307 0.0625 0.11375661375661375
0 0.7120535714285714 0.6587301587301587 0.07738095238095238 0.1402116402116402
0 0.38132440476190477 0.3472222222222222 0.031994047619047616 0.05952380952380952