0 0.8098958333333334 0.5873015873015873 0.031994047619047616 0.0582010582010582
0 0.7053571428571429 0.5734126984126984 0.023809523809523808 0.04365079365079365
0 0.8151041666666666 0.5568783068783069 0.021577380952380952 0.03968253968253968
0 0.42001488095238093 0.5654761904761905 0.020089285714285716 0.03571428571428571
0 0.7488839285714286 0.5892857142857143 0.024553571428571428 0.05952380952380952
0 0.8947172619047619 0.5892857142857143 0.029017857142857144 0.05952380952380952
0 0.4724702380952381 0.5601851851851852 0.020833333333333332 0.04365079365079365
0 0.9177827380952381 0.6759259259259259 0.04538690476190476 0.082010582010582
0 0.3508184523809524 0.5701058201058201 0.061755952380952384 0.11904761904761904
0 0.13988095238095238 0.6554232804232805 0.046130952380952384 0.08333333333333333
0 0.20721726190476192 0.6917989417989417 0.04985119047619048 0.09788359788359788
0 0.7440476190476191 0.6428571428571429 0.03273809523809524 0.07142857142857142
0 0.5301339285714286 0.5588624338624338 0.04836309523809524 0.08862433862433862
0 0.053943452380952384 0.667989417989418 0.058779761904761904 0.10317460317460317
0 0.8653273809523809 0.5621693121693122 0.028273809523809524 0.05026455026455026