0 0.7935267857142857 0.5403439153439153 0.020089285714285716 0.04365079365079365
0 0.48735119047619047 0.5767195767195767 0.022321428571428572 0.042328042328042326
0 0.4181547619047619 0.542989417989418 0.025297619047619048 0.046296296296296294
0 0.6000744047619048 0.5806878306878307 0.020089285714285716 0.03439153439153439
0 0.7752976190476191 0.6197089947089947 0.025297619047619048 0.051587301587301584
0 0.21651785714285715 0.5191798941798942 0.023809523809523808 0.04365079365079365
0 0.8184523809523809 0.5324074074074074 0.03273809523809524 0.06746031746031746
0 0.3366815476190476 0.576058201058201 0.024553571428571428 0.046296296296296294
0 0.25892857142857145 0.5654761904761905 0.022321428571428572 0.051587301587301584
0 0.5089285714285714 0.6666666666666666 0.06696428571428571 0.10846560846560846
0 0.44308035714285715 0.5661375661375662 0.018601190476190476 0.03968253968253968
0 0.6703869047619048 0.6415343915343915 0.02976190476190476 0.0582010582010582
0 0.036458333333333336 0.6058201058201058 0.03571428571428571 0.06613756613756613
0 0.10416666666666667 0.708994708994709 0.07886904761904762 0.15079365079365079
0 0.4810267857142857 0.5125661375661376 0.034970238095238096 0.07275132275132275
0 0.5807291666666666 0.6005291005291006 0.027529761904761904 0.05026455026455026
0 0.6350446428571429 0.5912698412698413 0.026041666666666668 0.05026455026455026
0 0.6008184523809523 0.6541005291005291 0.031994047619047616 0.05952380952380952
0 0.7258184523809523 0.6197089947089947 0.027529761904761904 0.05952380952380952
0 0.3020833333333333 0.5595238095238095 0.026785714285714284 0.042328042328042326
0 0.39285714285714285 0.5714285714285714 0.03125 0.05555555555555555
0 0.40438988095238093 0.7526455026455027 0.05580357142857143 0.1164021164021164
0 0.25 0.6858465608465608 0.05505952380952381 0.09391534391534391
0 0.13430059523809523 0.5906084656084656 0.04538690476190476 0.07804232804232804
0 0.4586458333333333 0.7076058201058202 0.0859375 0.14006613756613762