0 0.11572265625 0.5091145833333334 0.0595703125 0.07291666666666667
0 0.8056640625 0.4440104166666667 0.021484375 0.028645833333333332
0 0.57568359375 0.4615885416666667 0.0185546875 0.024739583333333332
0 0.42919921875 0.478515625 0.0400390625 0.045572916666666664
0 0.62158203125 0.4518229166666667 0.0224609375 0.028645833333333332
0 0.61083984375 0.4837239583333333 0.0439453125 0.061197916666666664
0 0.95947265625 0.4954427083333333 0.0478515625 0.06901041666666667
0 0.05224609375 0.9283854166666666 0.1044921875 0.14322916666666666
0 0.482421875 0.470703125 0.025390625 0.03515625
0 0.4013671875 0.4674479166666667 0.017578125 0.0234375
0 0.72021484375 0.4947916666666667 0.0419921875 0.06770833333333333
0 0.50341796875 0.462890625 0.0224609375 0.03515625
0 0.71142578125 0.4479166666666667 0.0244140625 0.028645833333333332
0 0.81640625 0.4856770833333333 0.068359375 0.09114583333333333
0 0.53076171875 0.4622395833333333 0.0224609375 0.03125
0 0.654296875 0.4466145833333333 0.01953125 0.028645833333333332
0 0.3154296875 0.4908854166666667 0.0234375 0.033854166666666664
0 0.68896484375 0.4654947916666667 0.0244140625 0.032552083333333336
0 0.2890625 0.4830729166666667 0.0234375 0.0390625
0 0.18408203125 0.5234375 0.0458984375 0.07291666666666667
0 0.8955078125 0.478515625 0.04296875 0.06640625
0 0.609697265625 0.616328125 0.10220703125000008 0.14411458333333327
0 0.35400390625 0.486328125 0.0283203125 0.037760416666666664
0 0.46240234375 0.6321614583333334 0.0693359375 0.11067708333333333
0 0.84619140625 0.7116015625 0.11620117187500001 0.19402343749999998
0 0.763671875 0.4583333333333333 0.025390625 0.033854166666666664
0 0.974609375 0.447265625 0.029296875 0.040364583333333336