0 0.5766369047619048 0.5628306878306878 0.020833333333333332 0.03835978835978836
0 0.6365327380952381 0.5482804232804233 0.024553571428571428 0.051587301587301584
0 0.49776785714285715 0.5515873015873016 0.020833333333333332 0.03968253968253968
0 0.13541666666666666 0.5383597883597884 0.022321428571428572 0.042328042328042326
0 0.32700892857142855 0.503968253968254 0.036458333333333336 0.06878306878306878
0 0.24441964285714285 0.5006613756613757 0.031994047619047616 0.06481481481481481
0 0.5684523809523809 0.5958994708994709 0.03571428571428571 0.06746031746031746
0 0.7325148809523809 0.621031746031746 0.03050595238095238 0.062169312169312166
0 0.5967261904761905 0.5423280423280423 0.020833333333333332 0.042328042328042326
0 0.5386904761904762 0.5667989417989417 0.017857142857142856 0.03571428571428571
0 0.7057291666666666 0.5707671957671958 0.03050595238095238 0.056878306878306875
0 0.6599702380952381 0.6150793650793651 0.03571428571428571 0.06613756613756613
0 0.5773809523809523 0.7182539682539683 0.05803571428571429 0.10317460317460317
0 0.7377232142857143 0.7546296296296297 0.061755952380952384 0.12566137566137567
0 0.8601190476190477 0.7837301587301587 0.06398809523809523 0.12301587301587301
0 0.3709077380952381 0.7017195767195767 0.046875 0.09656084656084656