0 0.34858630952380953 0.5178571428571429 0.015625 0.03042328042328042
0 0.43563988095238093 0.48214285714285715 0.015625 0.03042328042328042
0 0.6339285714285714 0.47619047619047616 0.017857142857142856 0.0291005291005291
0 0.44568452380952384 0.4656084656084656 0.010416666666666666 0.018518518518518517
0 0.7674851190476191 0.45965608465608465 0.015625 0.027777777777777776
0 0.42857142857142855 0.47023809523809523 0.013392857142857142 0.027777777777777776
0 0.7317708333333334 0.46164021164021163 0.018601190476190476 0.031746031746031744
0 0.5777529761904762 0.4583333333333333 0.014136904761904762 0.02513227513227513
0 0.4140625 0.4966931216931217 0.021577380952380952 0.046296296296296294
0 0.3392857142857143 0.4933862433862434 0.01488095238095238 0.0291005291005291
0 0.5301339285714286 0.4742063492063492 0.012648809523809524 0.03042328042328042
0 0.8857886904761905 0.458994708994709 0.021577380952380952 0.042328042328042326
0 0.45349702380952384 0.47619047619047616 0.015625 0.0291005291005291
0 0.9356398809523809 0.4973544973544973 0.034970238095238096 0.06613756613756613
0 0.5197172619047619 0.4576719576719577 0.012648809523809524 0.026455026455026454
0 0.9813988095238095 0.7325925925925927 0.03720238095238095 0.18476190476190485
0 0.7827380952380952 0.4656084656084656 0.020833333333333332 0.04497354497354497
0 0.6242559523809523 0.498015873015873 0.023809523809523808 0.046296296296296294
0 0.8113839285714286 0.4556878306878307 0.012648809523809524 0.02513227513227513
0 0.8962053571428571 0.5 0.024553571428571428 0.05026455026455026
0 0.40327380952380953 0.4742063492063492 0.01488095238095238 0.027777777777777776
0 0.5472470238095238 0.4603174603174603 0.015625 0.0291005291005291
0 0.4869791666666667 0.460978835978836 0.012648809523809524 0.022486772486772486
0 0.4694940476190476 0.4623015873015873 0.011904761904761904 0.017195767195767195
0 0.30952380952380953 0.5125661375661376 0.01636904761904762 0.03042328042328042
0 0.6949404761904762 0.4603174603174603 0.017857142857142856 0.03439153439153439
0 0.7161458333333334 0.5548941798941799 0.029017857142857144 0.062169312169312166
0 0.15959821428571427 0.5945767195767195 0.04389880952380952 0.09126984126984126
0 0.12760416666666666 0.53505291005291 0.026041666666666668 0.04894179894179894
0 0.28720238095238093 0.49537037037037035 0.01488095238095238 0.027777777777777776
0 0.021205357142857144 0.5912698412698413 0.04241071428571429 0.07936507936507936
0 0.7518601190476191 0.5026455026455027 0.031994047619047616 0.0582010582010582
0 0.6770833333333334 0.49537037037037035 0.026785714285714284 0.056878306878306875
0 0.90625 0.5906084656084656 0.05952380952380952 0.10978835978835978
0 0.6569940476190477 0.455026455026455 0.01488095238095238 0.0291005291005291
0 0.8563988095238095 0.4497354497354497 0.017857142857142856 0.031746031746031744
0 0.3865327380952381 0.48677248677248675 0.015625 0.023809523809523808
0 0.40265625 0.6900396825396825 0.053816964285714274 0.1155291005291005
0 0.8270089285714286 0.453042328042328 0.018601190476190476 0.03042328042328042
0 0.203125 0.5264550264550265 0.026785714285714284 0.03968253968253968
0 0.2853422619047619 0.5436507936507936 0.026041666666666668 0.05555555555555555
0 0.24479166666666666 0.5462962962962963 0.025297619047619048 0.05555555555555555
0 0.6287202380952381 0.576058201058201 0.04017857142857143 0.07539682539682539
0 0.35900297619047616 0.4914021164021164 0.015625 0.027777777777777776
0 0.7565699404761905 0.768968253968254 0.09498511904761911 0.19931216931216938
0 0.5651041666666666 0.501984126984127 0.029017857142857144 0.05423280423280423
0 0.8549107142857143 0.498015873015873 0.03125 0.06481481481481481
0 0.16555059523809523 0.5363756613756614 0.03050595238095238 0.056878306878306875