0 0.5762648809523809 0.5066137566137566 0.018601190476190476 0.037037037037037035
0 0.4252232142857143 0.49272486772486773 0.015625 0.027777777777777776
0 0.46205357142857145 0.4887566137566138 0.01488095238095238 0.022486772486772486
0 0.4661458333333333 0.503968253968254 0.012648809523809524 0.031746031746031744
0 0.6443452380952381 0.5006613756613757 0.013392857142857142 0.03306878306878307
0 0.7421875 0.4808201058201058 0.012648809523809524 0.02513227513227513
0 0.3541666666666667 0.5026455026455027 0.013392857142857142 0.026455026455026454
0 0.6324404761904762 0.5 0.017857142857142856 0.031746031746031744
0 0.4851190476190476 0.49933862433862436 0.013392857142857142 0.03042328042328042
0 0.13169642857142858 0.541005291005291 0.022321428571428572 0.03968253968253968
0 0.5115327380952381 0.49404761904761907 0.015625 0.02513227513227513
0 0.5178571428571429 0.5231481481481481 0.017857142857142856 0.046296296296296294
0 0.6648065476190477 0.503968253968254 0.023065476190476192 0.04497354497354497
0 0.5550595238095238 0.5773809523809523 0.03273809523809524 0.05952380952380952
0 0.7444196428571429 0.5251322751322751 0.024553571428571428 0.05026455026455026
0 0.2927827380952381 0.5171957671957672 0.014136904761904762 0.023809523809523808
0 0.6041666666666666 0.5072751322751323 0.01636904761904762 0.03042328042328042
0 0.5829613095238095 0.49272486772486773 0.014136904761904762 0.027777777777777776
0 0.4348958333333333 0.4933862433862434 0.014136904761904762 0.026455026455026454
0 0.47767857142857145 0.5205026455026455 0.01636904761904762 0.03835978835978836
0 0.6127232142857143 0.4914021164021164 0.012648809523809524 0.022486772486772486
0 0.6164434523809523 0.5205026455026455 0.01711309523809524 0.03835978835978836
0 0.6923363095238095 0.5198412698412699 0.021577380952380952 0.037037037037037035
0 0.20089285714285715 0.5515873015873016 0.022321428571428572 0.03968253968253968
0 0.41629464285714285 0.49537037037037035 0.012648809523809524 0.022486772486772486
0 0.4836309523809524 0.6554232804232805 0.049107142857142856 0.08862433862433862
0 0.31212797619047616 0.5105820105820106 0.014136904761904762 0.031746031746031744
0 0.16480654761904762 0.5390211640211641 0.026041666666666668 0.04365079365079365
0 0.30245535714285715 0.6322751322751323 0.04092261904761905 0.07936507936507936
0 0.8236607142857143 0.7063492063492064 0.06398809523809523 0.12433862433862433
0 0.6547619047619048 0.582010582010582 0.025297619047619048 0.05026455026455026
0 0.3776041666666667 0.5066137566137566 0.018601190476190476 0.03439153439153439
0 0.2630208333333333 0.533068783068783 0.014136904761904762 0.0291005291005291
0 0.6071428571428571 0.6190476190476191 0.047619047619047616 0.09259259259259259
0 0.12834821428571427 0.5866402116402116 0.03794642857142857 0.06746031746031746
0 0.7105654761904762 0.4947089947089947 0.019345238095238096 0.042328042328042326
0 0.5431547619047619 0.5085978835978836 0.01488095238095238 0.03306878306878307
0 0.33370535714285715 0.5092592592592593 0.012648809523809524 0.023809523809523808
0 0.5669642857142857 0.5224867724867724 0.019345238095238096 0.03968253968253968
0 0.39992559523809523 0.501984126984127 0.01711309523809524 0.03306878306878307
0 0.2418154761904762 0.5238095238095238 0.01636904761904762 0.031746031746031744
0 0.22358630952380953 0.5621693121693122 0.023065476190476192 0.04497354497354497
0 0.01488095238095238 0.5793650793650794 0.02976190476190476 0.06613756613756613
0 0.7566964285714286 0.49272486772486773 0.01488095238095238 0.027777777777777776
0 0.35639880952380953 0.5191798941798942 0.01636904761904762 0.03306878306878307
0 0.7273065476190477 0.58994708994709 0.031994047619047616 0.06084656084656084
0 0.49404761904761907 0.5734126984126984 0.03273809523809524 0.05952380952380952