0 0.202030 0.544839 0.149746 0.192893
0 0.051650 0.785110 0.100254 0.311337
0 0.469162 0.593909 0.123096 0.169205
0 0.683629 0.548223 0.067259 0.128596
0 0.932868 0.615905 0.134264 0.318105
0 0.761675 0.524535 0.050761 0.098139
0 0.707107 0.434856 0.071066 0.084602
0 0.488441 0.495770 0.027136 0.057530
0 0.362563 0.522843 0.054569 0.084602
0 0.294036 0.518613 0.067259 0.096447
0 0.051650 0.491540 0.074873 0.099831
0 0.102721 0.458639 0.031726 0.053582
0 0.129865 0.451589 0.033841 0.060162
0 0.086153 0.489190 0.028201 0.045121
0 0.060420 0.438428 0.034546 0.033841
0 0.331148 0.489660 0.021856 0.055462
0 0.281796 0.458169 0.026086 0.039481
0 0.343115 0.465102 0.024852 0.048646
0 0.360565 0.470037 0.021679 0.035956
0 0.375635 0.472152 0.016920 0.023266
0 0.404981 0.470389 0.020622 0.029611
0 0.423223 0.484842 0.026438 0.037366
0 0.452570 0.476382 0.022737 0.037366
0 0.507297 0.483080 0.025381 0.045121
0 0.521045 0.470742 0.019036 0.037366
0 0.571013 0.481669 0.024852 0.038071
0 0.724831 0.491187 0.026438 0.041596
0 0.791984 0.484137 0.031726 0.041596
0 0.979272 0.417513 0.041455 0.054992