0 0.94775390625 0.14453125 0.0185546875 0.0234375
0 0.796875 0.5227864583333334 0.025390625 0.040364583333333336
0 0.880859375 0.521484375 0.029296875 0.05078125
0 0.63037109375 0.5735677083333334 0.0283203125 0.040364583333333336
0 0.57470703125 0.61328125 0.0498046875 0.059895833333333336
0 0.6572265625 0.5924479166666666 0.05078125 0.07552083333333333
0 0.7919921875 0.572265625 0.048828125 0.07161458333333333
0 0.458984375 0.6223958333333334 0.03515625 0.046875
0 0.2958984375 0.6334635416666666 0.0234375 0.032552083333333336
0 0.9462890625 0.5110677083333334 0.046875 0.05859375
0 0.322265625 0.6328125 0.0234375 0.03125
0 0.89501953125 0.552734375 0.0595703125 0.07682291666666667
0 0.76904296875 0.5403645833333334 0.0244140625 0.0390625
0 0.2763671875 0.650390625 0.02734375 0.03515625
0 0.13525390625 0.697265625 0.0283203125 0.037760416666666664
0 0.4169921875 0.6067708333333334 0.01953125 0.033854166666666664
0 0.36962890625 0.6276041666666666 0.0283203125 0.044270833333333336
0 0.16015625 0.6796875 0.02734375 0.036458333333333336
0 0.587890625 0.55859375 0.0234375 0.033854166666666664
0 0.22998046875 0.66796875 0.0419921875 0.0546875
0 0.08154296875 0.72265625 0.0400390625 0.046875
0 0.70849609375 0.5904947916666666 0.0419921875 0.061197916666666664
0 0.44091796875 0.58984375 0.0166015625 0.026041666666666668
0 0.482421875 0.607421875 0.0234375 0.03515625
0 0.630205078125 0.7428515625 0.11001953125000008 0.17580729166666664
0 0.5048828125 0.5807291666666666 0.0234375 0.03125
0 0.18505859375 0.6705729166666666 0.0263671875 0.0390625
0 0.39111328125 0.7708333333333334 0.0810546875 0.13802083333333334
0 0.046875 0.7122395833333334 0.033203125 0.049479166666666664
0 0.54150390625 0.5690104166666666 0.0283203125 0.033854166666666664
0 0.736328125 0.5455729166666666 0.03125 0.044270833333333336
0 0.8486328125 0.5221354166666666 0.037109375 0.052083333333333336
0 0.888505859375 0.7476302083333333 0.1617675781250001 0.2139973958333333