0 0.005859375 0.5824634655532359 0.01171875 0.022964509394572025
0 0.07265625 0.615866388308977 0.05 0.06680584551148225
0 0.452734375 0.7348643006263048 0.06328125 0.09812108559498957
0 0.055078125 0.5777661795407099 0.02734375 0.03653444676409186
0 0.541796875 0.5631524008350731 0.02734375 0.038622129436325675
0 0.465625 0.675365344467641 0.040625 0.05636743215031315
0 0.65390625 0.5788100208768268 0.0265625 0.03653444676409186
0 0.5078125 0.6090814196242171 0.0546875 0.0824634655532359
0 0.96875 0.6216075156576201 0.0625 0.0824634655532359
0 0.634375 0.6153444676409185 0.0453125 0.06367432150313153
0 0.480859375 0.5558455114822547 0.02578125 0.03444676409185804
0 0.294140625 0.55741127348643 0.02890625 0.04175365344467641
0 0.4328125 0.5798538622129437 0.0359375 0.055323590814196244
0 0.8453125 0.592901878914405 0.03125 0.04384133611691023
0 0.232421875 0.6633611691022965 0.05546875 0.07620041753653445
0 0.701953125 0.5756784968684759 0.02734375 0.03653444676409186
0 0.724609375 0.6231732776617954 0.04140625 0.06471816283924843
0 0.7984375 0.5991649269311065 0.0328125 0.05010438413361169