0 0.389976 0.640461 0.050708 0.098532
0 0.526179 0.693920 0.070755 0.109015
0 0.751394 0.610635 0.042882 0.101010
0 0.635881 0.579188 0.032697 0.087669
0 0.534037 0.540118 0.032697 0.070516
0 0.446398 0.528683 0.035377 0.062893
0 0.461943 0.455308 0.025729 0.041929
0 0.496516 0.472937 0.021977 0.056223
0 0.538862 0.480084 0.025193 0.049552
0 0.614440 0.487707 0.028409 0.055270
0 0.710656 0.508195 0.032161 0.060034
0 0.825365 0.466266 0.027873 0.054317
0 0.763722 0.475796 0.022513 0.056223
0 0.708244 0.455784 0.023049 0.048599
0 0.654106 0.453402 0.024121 0.049552
0 0.605596 0.439108 0.020369 0.032399
0 0.531503 0.440252 0.019879 0.035939
0 0.567891 0.448338 0.018531 0.029350
0 0.577662 0.418688 0.019879 0.031147
0 0.602089 0.408206 0.013477 0.029350
0 0.613544 0.419287 0.014825 0.029949
0 0.639151 0.414495 0.018868 0.034741
0 0.672338 0.412698 0.017857 0.031147
0 0.668464 0.399221 0.011456 0.016173
0 0.708086 0.413297 0.016173 0.029949
0 0.740094 0.418688 0.017520 0.031147
0 0.745822 0.398323 0.018194 0.025157
0 0.779852 0.415094 0.016846 0.041929
0 0.755088 0.446241 0.025270 0.033543
0 0.815970 0.441450 0.018868 0.043127
0 0.825404 0.417790 0.024933 0.035340
0 0.384756 0.499142 0.031089 0.066705
0 0.078152 0.465790 0.035377 0.064799
0 0.012787 0.454861 0.024690 0.054376
0 0.028449 0.462723 0.022848 0.056997
0 0.053508 0.471895 0.019900 0.075341
0 0.142504 0.359866 0.013635 0.026861
0 0.215102 0.356591 0.020268 0.034722
0 0.128869 0.434552 0.024690 0.043894
0 0.164431 0.430294 0.022848 0.040618
0 0.189121 0.451585 0.016952 0.039963
0 0.217866 0.456827 0.026533 0.047825
0 0.256191 0.463378 0.021374 0.047825
0 0.291200 0.455516 0.028007 0.049135
0 0.272958 0.427018 0.022479 0.039308
0 0.249558 0.429638 0.020637 0.039308
0 0.225789 0.416208 0.021005 0.033412
0 0.335127 0.429966 0.019163 0.042584
0 0.372347 0.425708 0.027270 0.047170
0 0.348946 0.409984 0.015846 0.030136
0 0.318359 0.406053 0.018057 0.028826
0 0.301223 0.411295 0.019163 0.028826
0 0.291089 0.424725 0.021005 0.018999
0 0.395319 0.435199 0.021166 0.030103
0 0.430092 0.423910 0.016328 0.032253
0 0.442338 0.347847 0.019654 0.036016
0 0.371583 0.395420 0.014211 0.026877
0 0.398343 0.402139 0.015723 0.029565
0 0.414671 0.406977 0.012095 0.031715
0 0.419207 0.384132 0.017537 0.019352
0 0.462657 0.385475 0.012397 0.024190
0 0.478683 0.388970 0.012397 0.030103
0 0.486393 0.417460 0.017537 0.036553
0 0.464169 0.408321 0.016630 0.034403
0 0.514211 0.399183 0.013304 0.032253
0 0.503477 0.398108 0.011188 0.027952
0 0.495313 0.392195 0.010583 0.018277
0 0.536133 0.384132 0.011792 0.017202
0 0.535529 0.401602 0.012397 0.030640
0 0.560565 0.397570 0.013607 0.031178