0 0.3039434523809524 0.5277777777777778 0.027529761904761904 0.0582010582010582
0 0.5022321428571429 0.5443121693121693 0.028273809523809524 0.056878306878306875
0 0.3080357142857143 0.6038359788359788 0.041666666666666664 0.08333333333333333
0 0.18638392857142858 0.578042328042328 0.061755952380952384 0.10317460317460317
0 0.8072916666666666 0.6474867724867724 0.052083333333333336 0.09391534391534391
0 0.32663690476190477 0.5125661375661376 0.022321428571428572 0.041005291005291
0 0.9058779761904762 0.5185185185185185 0.018601190476190476 0.03439153439153439
0 0.4427083333333333 0.501984126984127 0.025297619047619048 0.04894179894179894
0 0.9289434523809523 0.5178571428571429 0.021577380952380952 0.03835978835978836
0 0.6599702380952381 0.49074074074074076 0.025297619047619048 0.047619047619047616
0 0.24441964285714285 0.5119047619047619 0.031994047619047616 0.06084656084656084
0 0.7302827380952381 0.625 0.057291666666666664 0.11243386243386243
0 0.8195684523809523 0.5423280423280423 0.026041666666666668 0.05555555555555555
0 0.5133928571428571 0.5132275132275133 0.025297619047619048 0.05026455026455026
0 0.6871279761904762 0.5767195767195767 0.04538690476190476 0.07936507936507936
0 0.25111607142857145 0.6415343915343915 0.061755952380952384 0.12962962962962962
0 0.7764136904761905 0.5416666666666666 0.03050595238095238 0.06481481481481481
0 0.08407738095238096 0.6448412698412699 0.06398809523809523 0.1283068783068783
0 0.9747023809523809 0.5925925925925926 0.050595238095238096 0.10052910052910052
0 0.8642113095238095 0.5529100529100529 0.029017857142857144 0.06349206349206349
0 0.8385416666666666 0.5026455026455027 0.028273809523809524 0.05291005291005291