0 0.22767857142857142 0.5972222222222222 0.022321428571428572 0.03835978835978836
0 0.6499255952380952 0.5740740740740741 0.012648809523809524 0.021164021164021163
0 0.7559523809523809 0.6097883597883598 0.01488095238095238 0.031746031746031744
0 0.6190476190476191 0.5734126984126984 0.011904761904761904 0.01984126984126984
0 0.5699404761904762 0.5773809523809523 0.01636904761904762 0.027777777777777776
0 0.7295386904761905 0.5747354497354498 0.020089285714285716 0.03306878306878307
0 0.26674107142857145 0.582010582010582 0.015625 0.0291005291005291
0 0.5130208333333334 0.6223544973544973 0.026041666666666668 0.04894179894179894
0 0.3880208333333333 0.5866402116402116 0.018601190476190476 0.03835978835978836
0 0.28087797619047616 0.673941798941799 0.04538690476190476 0.09126984126984126
0 0.6700148809523809 0.5793650793650794 0.015625 0.0291005291005291