0 0.5065104166666666 0.3524305555555556 0.016493055555555556 0.02662037037037037
0 0.8671875 0.3333333333333333 0.03298611111111111 0.04861111111111111
0 0.9302690972222223 0.7262500000000001 0.13946180555555554 0.31370370370370365
0 0.08217013888888888 0.6830787037037036 0.16434027777777777 0.2689467592592593
0 0.007378472222222222 0.37037037037037035 0.014756944444444444 0.034722222222222224
0 0.4743923611111111 0.3449074074074074 0.019965277777777776 0.03009259259259259
0 0.4904513888888889 0.35648148148148145 0.022569444444444444 0.03935185185185185
0 0.87890625 0.44212962962962965 0.06336805555555555 0.09027777777777778
0 0.2065972222222222 0.40625 0.0642361111111111 0.07407407407407407
0 0.6549479166666666 0.3454861111111111 0.019965277777777776 0.03125
0 0.6089409722222222 0.4166666666666667 0.05295138888888889 0.06712962962962964
0 0.4214409722222222 0.3541666666666667 0.025173611111111112 0.034722222222222224
0 0.625 0.37094907407407407 0.022569444444444444 0.03819444444444445
0 0.6189236111111112 0.3460648148148148 0.017361111111111112 0.020833333333333332
0 0.5529513888888888 0.3611111111111111 0.019097222222222224 0.032407407407407406
0 0.7504340277777778 0.3263888888888889 0.0859375 0.10416666666666667
0 0.5755208333333334 0.3385416666666667 0.019097222222222224 0.024305555555555556
0 0.3671875 0.3958333333333333 0.043402777777777776 0.06481481481481481
0 0.3777517361111111 0.5737037037037037 0.12528645833333338 0.2006365740740741
0 0.57421875 0.5341435185185185 0.08246527777777778 0.1284722222222222
0 0.4956597222222222 0.44212962962962965 0.06076388888888889 0.09259259259259259
0 0.21354166666666666 0.34664351851851855 0.03125 0.04513888888888889
0 0.8211805555555556 0.2806712962962963 0.0798611111111111 0.1076388888888889
0 0.4305555555555556 0.45023148148148145 0.06770833333333333 0.09027777777777778
0 0.2547743055555556 0.3559027777777778 0.026909722222222224 0.04050925925925926
0 0.4657118055555556 0.37905092592592593 0.03211805555555555 0.04976851851851852
0 0.8763020833333334 0.375 0.03211805555555555 0.046296296296296294
0 0.05946180555555555 0.4965277777777778 0.07899305555555555 0.11574074074074074
0 0.07725694444444445 0.35185185185185186 0.034722222222222224 0.05092592592592592
0 0.9474826388888888 0.3570601851851852 0.026909722222222224 0.03819444444444445
0 0.296875 0.39467592592592593 0.03993055555555555 0.06712962962962964
0 0.12977430555555555 0.3576388888888889 0.030381944444444444 0.041666666666666664
0 0.80140625 0.47270833333333334 0.08023437500000005 0.13832175925925924