0 0.3322172619047619 0.6091269841269841 0.014136904761904762 0.022486772486772486
0 0.035342261904761904 0.5714285714285714 0.023065476190476192 0.04497354497354497
0 0.6804315476190477 0.6428571428571429 0.021577380952380952 0.047619047619047616
0 0.13020833333333334 0.6534391534391535 0.03422619047619048 0.06878306878306878
0 0.6179315476190477 0.6666666666666666 0.026041666666666668 0.05555555555555555
0 0.10267857142857142 0.628968253968254 0.02976190476190476 0.05952380952380952
0 0.38467261904761907 0.6071428571428571 0.01636904761904762 0.0291005291005291
0 0.5948660714285714 0.6362433862433863 0.018601190476190476 0.031746031746031744
0 0.5115327380952381 0.6607142857142857 0.033482142857142856 0.05952380952380952
0 0.6424851190476191 0.6415343915343915 0.023065476190476192 0.04497354497354497
0 0.7020089285714286 0.6263227513227513 0.024553571428571428 0.03835978835978836
0 0.06845238095238096 0.628968253968254 0.026785714285714284 0.051587301587301584
0 0.41592261904761907 0.6117724867724867 0.017857142857142856 0.03571428571428571
0 0.7552083333333334 0.7037037037037037 0.02976190476190476 0.06613756613756613
0 0.7518601190476191 0.6283068783068783 0.027529761904761904 0.04497354497354497
0 0.7302827380952381 0.83994708994709 0.061755952380952384 0.1164021164021164
0 0.5863095238095238 0.8015873015873016 0.052083333333333336 0.09788359788359788
0 0.6904761904761905 0.6970899470899471 0.02976190476190476 0.05555555555555555
0 0.47098214285714285 0.7784391534391535 0.05357142857142857 0.11243386243386243