0 0.8307291666666666 0.5403439153439153 0.029017857142857144 0.05952380952380952
0 0.16927083333333334 0.5932539682539683 0.03943452380952381 0.08068783068783068
0 0.3619791666666667 0.49206349206349204 0.015625 0.0291005291005291
0 0.484375 0.4973544973544973 0.022321428571428572 0.042328042328042326
0 0.7622767857142857 0.5502645502645502 0.027529761904761904 0.06613756613756613
0 0.9267113095238095 0.5562169312169312 0.03943452380952381 0.0701058201058201
0 0.7154017857142857 0.5211640211640212 0.026041666666666668 0.05026455026455026
0 0.9747023809523809 0.7585978835978836 0.050595238095238096 0.10714285714285714
0 0.6666666666666666 0.7268518518518519 0.03869047619047619 0.07804232804232804
0 0.4497767857142857 0.5317460317460317 0.029017857142857144 0.06349206349206349
0 0.27194940476190477 0.5257936507936508 0.026041666666666668 0.04894179894179894
0 0.9657738095238095 0.5992063492063492 0.044642857142857144 0.082010582010582
0 0.13578869047619047 0.5509259259259259 0.04538690476190476 0.07804232804232804
0 0.41369047619047616 0.4755291005291005 0.03571428571428571 0.0701058201058201
0 0.8411458333333334 0.5105820105820106 0.023065476190476192 0.04497354497354497
0 0.8973214285714286 0.5165343915343915 0.03273809523809524 0.05952380952380952
0 0.23139880952380953 0.6111111111111112 0.05803571428571429 0.1164021164021164
0 0.8470982142857143 0.5992063492063492 0.04389880952380952 0.09523809523809523
0 0.04724702380952381 0.5674603174603174 0.05282738095238095 0.10317460317460317