0 0.416015625 0.6328125 0.08984375 0.11979166666666667
0 0.844560546875 0.7604427083333333 0.18975585937499995 0.2318098958333333
0 0.5556640625 0.521484375 0.03515625 0.055989583333333336
0 0.5625 0.6024348958333333 0.10155273437500001 0.15278645833333337
0 0.59619140625 0.5384114583333334 0.0224609375 0.029947916666666668
0 0.3837890625 0.541015625 0.025390625 0.037760416666666664
0 0.67138671875 0.5384114583333334 0.0498046875 0.06380208333333333
0 0.04052734375 0.5546875 0.0537109375 0.07291666666666667
0 0.35400390625 0.533203125 0.0341796875 0.048177083333333336
0 0.896484375 0.5364583333333334 0.048828125 0.059895833333333336
0 0.44873046875 0.5436197916666666 0.0224609375 0.037760416666666664
0 0.7724609375 0.5319010416666666 0.046875 0.07161458333333333
0 0.4228515625 0.5384114583333334 0.021484375 0.029947916666666668
0 0.2236328125 0.5390625 0.02734375 0.0390625
0 0.248046875 0.5475260416666666 0.0234375 0.032552083333333336
0 0.9892578125 0.552734375 0.021484375 0.037760416666666664
0 0.28759765625 0.5423177083333334 0.0263671875 0.040364583333333336
0 0.474609375 0.541015625 0.01953125 0.029947916666666668
0 0.11669921875 0.55859375 0.0478515625 0.06510416666666667
0 0.6328125 0.5520833333333334 0.02734375 0.0390625
0 0.84033203125 0.5559895833333334 0.0400390625 0.0625