0 0.3802083333333333 0.5958994708994709 0.01488095238095238 0.027777777777777776
0 0.11644345238095238 0.6011904761904762 0.026041666666666668 0.051587301587301584
0 0.6748511904761905 0.5932539682539683 0.01636904761904762 0.03042328042328042
0 0.42819940476190477 0.5892857142857143 0.01711309523809524 0.027777777777777776
0 0.1875 0.6448412698412699 0.026785714285714284 0.04894179894179894
0 0.2027529761904762 0.6752645502645502 0.03050595238095238 0.04894179894179894
0 0.7994791666666666 0.5634920634920635 0.024553571428571428 0.047619047619047616
0 0.7473958333333334 0.5753968253968254 0.023065476190476192 0.04497354497354497
0 0.7287946428571429 0.5978835978835979 0.03050595238095238 0.0582010582010582
0 0.6915922619047619 0.5945767195767195 0.018601190476190476 0.03571428571428571
0 0.14955357142857142 0.656084656084656 0.026785714285714284 0.05026455026455026
0 0.6436011904761905 0.5952380952380952 0.022321428571428572 0.042328042328042326
0 0.7410714285714286 0.667989417989418 0.03273809523809524 0.06349206349206349
0 0.46056547619047616 0.5912698412698413 0.020833333333333332 0.031746031746031744
0 0.5383184523809523 0.7711640211640212 0.05133928571428571 0.09259259259259259
0 0.5554315476190477 0.6415343915343915 0.026041666666666668 0.05555555555555555
0 0.8139880952380952 0.658068783068783 0.03571428571428571 0.06746031746031746
0 0.6555059523809523 0.792989417989418 0.05952380952380952 0.10714285714285714
0 0.6696428571428571 0.6329365079365079 0.02976190476190476 0.062169312169312166
0 0.7909226190476191 0.8379629629629629 0.05952380952380952 0.11772486772486772