0 0.9155505952380952 0.6038359788359788 0.034970238095238096 0.0701058201058201
0 0.26525297619047616 0.6547619047619048 0.021577380952380952 0.037037037037037035
0 0.8958333333333334 0.6613756613756614 0.020833333333333332 0.037037037037037035
0 0.6685267857142857 0.625 0.015625 0.03835978835978836
0 0.7719494047619048 0.6190476190476191 0.03050595238095238 0.05555555555555555
0 0.33779761904761907 0.6329365079365079 0.023809523809523808 0.04894179894179894
0 0.8340773809523809 0.6507936507936508 0.022321428571428572 0.042328042328042326
0 0.3865327380952381 0.6223544973544973 0.021577380952380952 0.041005291005291
0 0.8098958333333334 0.6587301587301587 0.026041666666666668 0.05291005291005291
0 0.6052827380952381 0.625 0.021577380952380952 0.03835978835978836
0 0.6953125 0.6064814814814815 0.021577380952380952 0.03835978835978836
0 0.22358630952380953 0.6402116402116402 0.027529761904761904 0.05291005291005291
0 0.24441964285714285 0.7982804232804233 0.07663690476190477 0.14417989417989419
0 0.6335565476190477 0.6316137566137566 0.021577380952380952 0.03835978835978836
0 0.3794642857142857 0.826058201058201 0.07738095238095238 0.14682539682539683
0 0.06696428571428571 0.8333333333333334 0.08482142857142858 0.15873015873015872