0 0.6246279761904762 0.5443121693121693 0.014136904761904762 0.02513227513227513
0 0.07142857142857142 0.6216931216931217 0.03720238095238095 0.06878306878306878
0 0.7273065476190477 0.7248677248677249 0.04836309523809524 0.09523809523809523
0 0.6343005952380952 0.5965608465608465 0.026041666666666668 0.05555555555555555
0 0.5751488095238095 0.5515873015873016 0.023809523809523808 0.05026455026455026
0 0.28608630952380953 0.544973544973545 0.018601190476190476 0.037037037037037035
0 0.013392857142857142 0.5833333333333334 0.026785714285714284 0.05555555555555555
0 0.047619047619047616 0.5806878306878307 0.03125 0.0582010582010582
0 0.11197916666666667 0.5667989417989417 0.021577380952380952 0.041005291005291
0 0.27120535714285715 0.541005291005291 0.018601190476190476 0.037037037037037035
0 0.44642857142857145 0.5357142857142857 0.020833333333333332 0.042328042328042326
0 0.7410714285714286 0.6494708994708994 0.03422619047619048 0.06084656084656084
0 0.38244047619047616 0.5826719576719577 0.025297619047619048 0.04894179894179894
0 0.21763392857142858 0.5601851851851852 0.021577380952380952 0.046296296296296294
0 0.4259672619047619 0.580026455026455 0.023065476190476192 0.04894179894179894
0 0.32180059523809523 0.6124338624338624 0.033482142857142856 0.06613756613756613
0 0.026413690476190476 0.7195767195767195 0.05282738095238095 0.09523809523809523
0 0.6919642857142857 0.5866402116402116 0.026785714285714284 0.051587301587301584
0 0.1409970238095238 0.621031746031746 0.034970238095238096 0.06746031746031746
0 0.6793154761904762 0.6514550264550265 0.041666666666666664 0.07804232804232804
0 0.27455357142857145 0.6488095238095238 0.046130952380952384 0.08597883597883597
0 0.8582589285714286 0.703042328042328 0.05133928571428571 0.0992063492063492
0 0.38504464285714285 0.666005291005291 0.04389880952380952 0.08862433862433862