0 0.34226190476190477 0.4021164021164021 0.022321428571428572 0.03968253968253968
0 0.3601190476190476 0.414021164021164 0.022321428571428572 0.04497354497354497
0 0.9925595238095238 0.4503968253968254 0.01488095238095238 0.03306878306878307
0 0.17261904761904762 0.43783068783068785 0.02976190476190476 0.04497354497354497
0 0.5368303571428571 0.4027777777777778 0.014136904761904762 0.03042328042328042
0 0.8374255952380952 0.4007936507936508 0.01711309523809524 0.03439153439153439
0 0.7388392857142857 0.4437830687830688 0.025297619047619048 0.04365079365079365
0 0.5145089285714286 0.4074074074074074 0.018601190476190476 0.04497354497354497
0 0.5658482142857143 0.3974867724867725 0.023065476190476192 0.04365079365079365
0 0.21316964285714285 0.4041005291005291 0.014136904761904762 0.03306878306878307
0 0.5944940476190477 0.37896825396825395 0.011904761904761904 0.022486772486772486
0 0.6622023809523809 0.38492063492063494 0.01636904761904762 0.03439153439153439
0 0.6941964285714286 0.3921957671957672 0.01636904761904762 0.03306878306878307
0 0.8251488095238095 0.44047619047619047 0.025297619047619048 0.047619047619047616
0 0.6324404761904762 0.4126984126984127 0.019345238095238096 0.03968253968253968
0 0.19642857142857142 0.38492063492063494 0.020833333333333332 0.042328042328042326
0 0.7752976190476191 0.3855820105820106 0.019345238095238096 0.041005291005291
0 0.3679315476190476 0.48478835978835977 0.03794642857142857 0.08068783068783068
0 0.9334077380952381 0.4080687830687831 0.026041666666666668 0.04894179894179894
0 0.32775297619047616 0.38822751322751325 0.01711309523809524 0.03042328042328042
0 0.15736607142857142 0.39087301587301587 0.027529761904761904 0.056878306878306875
0 0.7730654761904762 0.42857142857142855 0.022321428571428572 0.03968253968253968
0 0.3474702380952381 0.42658730158730157 0.03125 0.05952380952380952
0 0.65625 0.5317460317460317 0.046130952380952384 0.0873015873015873
0 0.6711309523809523 0.414021164021164 0.01636904761904762 0.03439153439153439
0 0.6290922619047619 0.45436507936507936 0.029017857142857144 0.05423280423280423
0 0.7976190476190477 0.4087301587301587 0.017857142857142856 0.031746031746031744
0 0.9780505952380952 0.5026455026455027 0.04389880952380952 0.07671957671957672
0 0.8824404761904762 0.4636243386243386 0.025297619047619048 0.05423280423280423
0 0.8508184523809523 0.4173280423280423 0.021577380952380952 0.046296296296296294
0 0.24516369047619047 0.43187830687830686 0.026041666666666668 0.056878306878306875
0 0.28311011904761907 0.4351851851851852 0.027529761904761904 0.05555555555555555
0 0.36830357142857145 0.37896825396825395 0.01636904761904762 0.03042328042328042
0 0.28162202380952384 0.3941798941798942 0.018601190476190476 0.03968253968253968
0 0.46651785714285715 0.41203703703703703 0.028273809523809524 0.051587301587301584
0 0.3880208333333333 0.3915343915343915 0.015625 0.03439153439153439
0 0.6257440476190477 0.3776455026455027 0.017857142857142856 0.03042328042328042
0 0.41629464285714285 0.3948412698412698 0.020089285714285716 0.046296296296296294
0 0.8991815476190477 0.42724867724867727 0.026041666666666668 0.047619047619047616
0 0.7276785714285714 0.3921957671957672 0.017857142857142856 0.03042328042328042
0 0.31138392857142855 0.4398148148148148 0.026041666666666668 0.046296296296296294
0 0.6975446428571429 0.4417989417989418 0.020089285714285716 0.042328042328042326
0 0.23660714285714285 0.38425925925925924 0.022321428571428572 0.03835978835978836
0 0.6633184523809523 0.6395502645502645 0.07068452380952381 0.15476190476190477
0 0.2552083333333333 0.4775132275132275 0.03720238095238095 0.07407407407407407
0 0.7953869047619048 0.4755291005291005 0.03125 0.062169312169312166
0 0.18861607142857142 0.45634920634920634 0.027529761904761904 0.06084656084656084
0 0.13653273809523808 0.48478835978835977 0.04836309523809524 0.08597883597883597
0 0.9520089285714286 0.44841269841269843 0.029017857142857144 0.05555555555555555
0 0.3020833333333333 0.39285714285714285 0.01636904761904762 0.03439153439153439
0 0.42299107142857145 0.44312169312169314 0.027529761904761904 0.05555555555555555
0 0.17113095238095238 0.580026455026455 0.06696428571428571 0.1283068783068783
0 0.5238095238095238 0.3062169312169312 0.026785714285714284 0.046296296296296294
0 0.25632440476190477 0.7420634920634921 0.09598214285714286 0.17195767195767195
0 0.47619047619047616 0.5588624338624338 0.049107142857142856 0.09656084656084656
0 0.8452380952380952 0.582010582010582 0.08482142857142858 0.14814814814814814
0 0.25967261904761907 0.40145502645502645 0.019345238095238096 0.03835978835978836
0 0.7462797619047619 0.49867724867724866 0.044642857142857144 0.08994708994708994
0 0.7526041666666666 0.4113756613756614 0.018601190476190476 0.03439153439153439
0 0.5416666666666666 0.458994708994709 0.049107142857142856 0.082010582010582
0 0.46726190476190477 0.6931216931216931 0.09077380952380952 0.17195767195767195
0 0.5993303571428571 0.4007936507936508 0.018601190476190476 0.042328042328042326
0 0.30691964285714285 0.5443121693121693 0.057291666666666664 0.09656084656084656
0 0.5651041666666666 0.5125661375661376 0.05431547619047619 0.10714285714285714