0 0.064453125 0.8782421875 0.128896484375 0.24351562499999999
0 0.1220703125 0.5123697916666666 0.064453125 0.06901041666666667
0 0.8076171875 0.4479166666666667 0.02734375 0.033854166666666664
0 0.57568359375 0.4622395833333333 0.0185546875 0.026041666666666668
0 0.96044921875 0.4973958333333333 0.0439453125 0.06770833333333333
0 0.6103515625 0.4889322916666667 0.04296875 0.06380208333333333
0 0.4267578125 0.4817708333333333 0.029296875 0.046875
0 0.50146484375 0.4720052083333333 0.0263671875 0.037760416666666664
0 0.62353515625 0.453125 0.0205078125 0.028645833333333332
0 0.654296875 0.4479166666666667 0.021484375 0.03125
0 0.81494140625 0.490234375 0.0654296875 0.09244791666666667
0 0.7197265625 0.4973958333333333 0.04296875 0.0703125
0 0.53076171875 0.4674479166666667 0.0263671875 0.033854166666666664
0 0.48291015625 0.47265625 0.0263671875 0.036458333333333336
0 0.7119140625 0.4505208333333333 0.02734375 0.03125
0 0.2919921875 0.4830729166666667 0.025390625 0.033854166666666664
0 0.40234375 0.46875 0.01953125 0.028645833333333332
0 0.31689453125 0.4934895833333333 0.0244140625 0.036458333333333336
0 0.18603515625 0.5247395833333334 0.0478515625 0.0703125
0 0.60806640625 0.61828125 0.09895507812499993 0.14281249999999993
0 0.3544921875 0.4869791666666667 0.025390625 0.033854166666666664
0 0.462890625 0.6282552083333334 0.080078125 0.11328125
0 0.837890625 0.7035546875 0.111328125 0.18490885416666666
0 0.68994140625 0.46875 0.0263671875 0.036458333333333336
0 0.89794921875 0.4778645833333333 0.0439453125 0.06510416666666667
0 0.97607421875 0.44921875 0.0302734375 0.044270833333333336
0 0.763671875 0.458984375 0.025390625 0.032552083333333336