0 0.24702380952380953 0.5687830687830688 0.019345238095238096 0.03968253968253968
0 0.4921875 0.6011904761904762 0.020089285714285716 0.041005291005291
0 0.6149553571428571 0.6507936507936508 0.03794642857142857 0.07407407407407407
0 0.5260416666666666 0.6236772486772487 0.03720238095238095 0.0701058201058201
0 0.30952380952380953 0.5727513227513228 0.022321428571428572 0.042328042328042326
0 0.40438988095238093 0.5608465608465608 0.01711309523809524 0.0291005291005291
0 0.3627232142857143 0.5568783068783069 0.01711309523809524 0.0291005291005291
0 0.36495535714285715 0.6018518518518519 0.023065476190476192 0.05026455026455026
0 0.7667410714285714 0.6170634920634921 0.027529761904761904 0.05952380952380952
0 0.5524553571428571 0.5952380952380952 0.024553571428571428 0.047619047619047616
0 0.06436011904761904 0.5370370370370371 0.027529761904761904 0.05291005291005291
0 0.28162202380952384 0.5787037037037037 0.027529761904761904 0.05952380952380952
0 0.4680059523809524 0.5806878306878307 0.025297619047619048 0.04497354497354497
0 0.7232142857142857 0.6309523809523809 0.02976190476190476 0.05291005291005291
0 0.6804315476190477 0.6369047619047619 0.034970238095238096 0.0701058201058201
0 0.42336309523809523 0.5833333333333334 0.023809523809523808 0.047619047619047616
0 0.6380208333333334 0.6071428571428571 0.026041666666666668 0.05291005291005291
0 0.17410714285714285 0.544973544973545 0.020833333333333332 0.04497354497354497
0 0.2767857142857143 0.5383597883597884 0.019345238095238096 0.042328042328042326
0 0.23511904761904762 0.5403439153439153 0.022321428571428572 0.03835978835978836
0 0.38058035714285715 0.6395502645502645 0.04092261904761905 0.07539682539682539
0 0.4486607142857143 0.6765873015873016 0.05952380952380952 0.11243386243386243
0 0.5918898809523809 0.5932539682539683 0.027529761904761904 0.056878306878306875
0 0.21800595238095238 0.5747354497354498 0.03273809523809524 0.062169312169312166
0 0.14508928571428573 0.5562169312169312 0.025297619047619048 0.04894179894179894
0 0.32663690476190477 0.542989417989418 0.023809523809523808 0.046296296296296294
0 0.5085565476190477 0.5787037037037037 0.018601190476190476 0.03835978835978836
0 0.1209077380952381 0.5416666666666666 0.024553571428571428 0.04365079365079365
0 0.31101190476190477 0.6507936507936508 0.043154761904761904 0.09259259259259259