0 0.828125 0.546957671957672 0.019345238095238096 0.03571428571428571
0 0.7198660714285714 0.5701058201058201 0.026041666666666668 0.047619047619047616
0 0.4802827380952381 0.5634920634920635 0.021577380952380952 0.04497354497354497
0 0.7645089285714286 0.5833333333333334 0.023065476190476192 0.04497354497354497
0 0.3627232142857143 0.5601851851851852 0.01711309523809524 0.03306878306878307
0 0.8247767857142857 0.5826719576719577 0.027529761904761904 0.056878306878306875
0 0.9375 0.6765873015873016 0.046130952380952384 0.08597883597883597
0 0.0822172619047619 0.6474867724867724 0.046875 0.08862433862433862
0 0.22209821428571427 0.6891534391534392 0.046875 0.09259259259259259
0 0.9148065476190477 0.5846560846560847 0.03050595238095238 0.06084656084656084
0 0.43117559523809523 0.5608465608465608 0.018601190476190476 0.031746031746031744
0 0.8831845238095238 0.5548941798941799 0.03125 0.05423280423280423
0 0.1715029761904762 0.6044973544973545 0.07663690476190477 0.13756613756613756
0 0.7433035714285714 0.6342592592592593 0.04017857142857143 0.07804232804232804