0 0.032075 0.641509 0.049528 0.088050
0 0.082783 0.679245 0.051887 0.100629
0 0.165330 0.691824 0.051887 0.104822
0 0.210141 0.589099 0.042453 0.050314
0 0.398821 0.587002 0.033019 0.062893
0 0.301612 0.550198 0.015487 0.035406
0 0.371593 0.546355 0.022275 0.029117
0 0.425314 0.549266 0.027516 0.032611
0 0.558307 0.519567 0.036688 0.054740
0 0.657888 0.556837 0.026205 0.038435
0 0.701782 0.567319 0.019654 0.038435
0 0.759106 0.571395 0.028171 0.046587
0 0.769589 0.548102 0.018999 0.046587
0 0.816038 0.541696 0.028826 0.045423
0 0.684028 0.658164 0.034722 0.068717
0 0.781643 0.617400 0.038653 0.066387
0 0.838312 0.580713 0.037998 0.065222
0 0.932980 0.573725 0.026861 0.069881
0 0.966064 0.631959 0.049790 0.081528
0 0.890723 0.639529 0.031447 0.078034
0 0.600498 0.763569 0.049790 0.107151
0 0.914666 0.835144 0.072899 0.160091