0 0.8214285714285714 0.5727513227513228 0.023809523809523808 0.04497354497354497
0 0.8061755952380952 0.5892857142857143 0.026041666666666668 0.05423280423280423
0 0.8407738095238095 0.5615079365079365 0.022321428571428572 0.041005291005291
0 0.9825148809523809 0.6686507936507936 0.034970238095238096 0.08597883597883597
0 0.6878720238095238 0.5423280423280423 0.018601190476190476 0.0291005291005291
0 0.6235119047619048 0.5456349206349206 0.01488095238095238 0.03042328042328042
0 0.5959821428571429 0.5502645502645502 0.017857142857142856 0.031746031746031744
0 0.3444940476190476 0.5482804232804233 0.022321428571428572 0.03835978835978836
0 0.6767113095238095 0.5198412698412699 0.018601190476190476 0.03439153439153439
0 0.6517857142857143 0.5244708994708994 0.019345238095238096 0.03571428571428571
0 0.27380952380952384 0.533068783068783 0.023809523809523808 0.04497354497354497
0 0.7380952380952381 0.5370370370370371 0.025297619047619048 0.042328042328042326
0 0.38578869047619047 0.5317460317460317 0.021577380952380952 0.037037037037037035
0 0.23139880952380953 0.5529100529100529 0.023809523809523808 0.047619047619047616
0 0.6930803571428571 0.5912698412698413 0.027529761904761904 0.047619047619047616
0 0.13950892857142858 0.7142857142857143 0.07663690476190477 0.14285714285714285
0 0.27046130952380953 0.707010582010582 0.058779761904761904 0.10978835978835978
0 0.40811011904761907 0.71494708994709 0.05133928571428571 0.09126984126984126