0 0.36049107142857145 0.44775132275132273 0.023065476190476192 0.03835978835978836
0 0.4646577380952381 0.4834656084656085 0.027529761904761904 0.051587301587301584
0 0.4713541666666667 0.45701058201058203 0.023065476190476192 0.046296296296296294
0 0.3430059523809524 0.43915343915343913 0.019345238095238096 0.037037037037037035
0 0.29501488095238093 0.4636243386243386 0.027529761904761904 0.051587301587301584
0 0.24367559523809523 0.4623015873015873 0.026041666666666668 0.04894179894179894
0 0.6186755952380952 0.541005291005291 0.034970238095238096 0.07407407407407407
0 0.3828125 0.44246031746031744 0.020089285714285716 0.03835978835978836
0 0.5197172619047619 0.4722222222222222 0.026041666666666668 0.05026455026455026
0 0.30617559523809523 0.6091269841269841 0.057291666666666664 0.11507936507936507
0 0.3984375 0.48148148148148145 0.026041666666666668 0.05291005291005291
0 0.11979166666666667 0.37103174603174605 0.046130952380952384 0.09391534391534391
0 0.6834077380952381 0.5615079365079365 0.03794642857142857 0.07539682539682539
0 0.5099776785714285 0.5512698412698412 0.034843749999999944 0.09637566137566139