0 0.5572916666666666 0.5747354497354498 0.020833333333333332 0.046296296296296294
0 0.5230654761904762 0.4933862433862434 0.01636904761904762 0.0291005291005291
0 0.46391369047619047 0.5231481481481481 0.023065476190476192 0.04365079365079365
0 0.10379464285714286 0.48412698412698413 0.029017857142857144 0.05555555555555555
0 0.28348214285714285 0.5324074074074074 0.022321428571428572 0.03835978835978836
0 0.5070684523809523 0.47354497354497355 0.020089285714285716 0.037037037037037035
0 0.6104910714285714 0.49933862433862436 0.020089285714285716 0.03835978835978836
0 0.7295386904761905 0.5773809523809523 0.04836309523809524 0.08597883597883597
0 0.1176860119047619 0.5637037037037037 0.037455357142857124 0.06656084656084663
0 0.6465773809523809 0.4894179894179894 0.01636904761904762 0.0291005291005291
0 0.328125 0.5324074074074074 0.020833333333333332 0.03835978835978836
0 0.6655505952380952 0.5403439153439153 0.026041666666666668 0.051587301587301584
0 0.047619047619047616 0.5681216931216931 0.03720238095238095 0.06481481481481481
0 0.5305059523809523 0.5165343915343915 0.019345238095238096 0.03306878306878307
0 0.012648809523809524 0.5958994708994709 0.023809523809523808 0.04894179894179894
0 0.6164434523809523 0.5456349206349206 0.027529761904761904 0.056878306878306875
0 0.8508184523809523 0.4365079365079365 0.07217261904761904 0.1349206349206349
0 0.4914434523809524 0.5297619047619048 0.021577380952380952 0.04365079365079365
0 0.7663690476190477 0.4656084656084656 0.05803571428571429 0.11375661375661375
0 0.578125 0.5171957671957672 0.022321428571428572 0.04497354497354497
0 0.6264880952380952 0.6064814814814815 0.03720238095238095 0.06481481481481481
0 0.49962797619047616 0.593915343915344 0.033482142857142856 0.06613756613756613
0 0.13836309523809526 0.6037301587301588 0.0313095238095238 0.0720634920634921