0 0.053302 0.665618 0.056604 0.098532
0 0.139976 0.662474 0.050708 0.083857
0 0.208962 0.692872 0.063679 0.090147
0 0.352241 0.567086 0.079009 0.127883
0 0.528538 0.556604 0.056604 0.119497
0 0.739623 0.636268 0.037736 0.073375
0 0.990094 0.676101 0.019811 0.081761
0 0.912382 0.677149 0.064858 0.083857
0 0.898231 0.592243 0.034198 0.056604
0 0.420878 0.567236 0.016285 0.039932
0 0.470575 0.558251 0.019093 0.035939
0 0.703616 0.569232 0.019093 0.047919
0 0.751179 0.581711 0.024146 0.036937
0 0.809779 0.594420 0.029935 0.058055
0 0.815675 0.563780 0.027213 0.051605
0 0.864659 0.555717 0.034470 0.048379