0 0.5907738095238095 0.5734126984126984 0.013392857142857142 0.017195767195767195
0 0.18861607142857142 0.6177248677248677 0.020089285714285716 0.037037037037037035
0 0.7220982142857143 0.6091269841269841 0.015625 0.027777777777777776
0 0.6231398809523809 0.580026455026455 0.012648809523809524 0.022486772486772486
0 0.6968005952380952 0.576058201058201 0.020089285714285716 0.03306878306878307
0 0.6402529761904762 0.582010582010582 0.015625 0.0291005291005291
0 0.23102678571428573 0.6031746031746031 0.01711309523809524 0.0291005291005291
0 0.5431547619047619 0.576058201058201 0.01636904761904762 0.027777777777777776
0 0.35751488095238093 0.6025132275132276 0.021577380952380952 0.03835978835978836
0 0.48288690476190477 0.6421957671957672 0.026785714285714284 0.04894179894179894
0 0.24441964285714285 0.71494708994709 0.05282738095238095 0.10714285714285714