0 0.248467 0.740042 0.088443 0.213836
0 0.470755 0.688679 0.087264 0.153040
0 0.667099 0.637317 0.079009 0.138365
0 0.846963 0.582678 0.082488 0.151205
0 0.752005 0.505241 0.048349 0.096436
0 0.660024 0.525157 0.045991 0.073375
0 0.565094 0.516771 0.049528 0.090147
0 0.477241 0.553459 0.048349 0.075472
0 0.313915 0.548218 0.061321 0.094340
0 0.172406 0.573375 0.058962 0.119497
0 0.139976 0.486373 0.062500 0.083857
0 0.187736 0.458071 0.049528 0.064990
0 0.371108 0.483229 0.060142 0.090147
0 0.257901 0.490566 0.029481 0.100629
0 0.526179 0.307128 0.035377 0.056604
0 0.632321 0.457547 0.031938 0.073375
0 0.545597 0.452306 0.028498 0.068134
0 0.468210 0.482442 0.028007 0.074249
0 0.423251 0.448812 0.025550 0.055905
0 0.349499 0.437893 0.029972 0.069008
0 0.286360 0.445755 0.040291 0.069008
0 0.246755 0.433962 0.031057 0.050664
0 0.264495 0.401205 0.027024 0.046296
0 0.168019 0.436478 0.030189 0.039413
0 0.154811 0.383648 0.031132 0.054507
0 0.193491 0.386583 0.024528 0.040252
0 0.211179 0.399161 0.025943 0.048637
0 0.238538 0.387002 0.025943 0.046122
0 0.283113 0.389518 0.021698 0.044444
0 0.302689 0.390776 0.023113 0.040252
0 0.327217 0.392034 0.016509 0.044444
0 0.343491 0.397904 0.026415 0.032704
0 0.367547 0.379455 0.023585 0.041090
0 0.386651 0.395807 0.019340 0.045283
0 0.414953 0.384486 0.018396 0.029350
0 0.423208 0.402516 0.037736 0.038574
0 0.466604 0.406709 0.028302 0.048637
0 0.516116 0.403680 0.023585 0.046587
0 0.488273 0.458872 0.032102 0.054478
0 0.563286 0.400186 0.022275 0.034941
0 0.571934 0.384237 0.016215 0.028171
0 0.596072 0.377686 0.014372 0.025550
0 0.602152 0.400616 0.016215 0.037343
0 0.625737 0.374738 0.016215 0.030136
0 0.630712 0.414046 0.022479 0.043239
0 0.670880 0.414046 0.018057 0.037998
0 0.696307 0.447458 0.024690 0.043239
0 0.669590 0.387841 0.019163 0.024895
0 0.660746 0.383255 0.011792 0.026205
0 0.696307 0.392754 0.016583 0.026861
0 0.728552 0.390789 0.017689 0.036032
0 0.741229 0.438286 0.023585 0.036688
0 0.756154 0.413391 0.017320 0.044549
0 0.776238 0.383255 0.018426 0.041929
0 0.772737 0.430425 0.022479 0.053721
0 0.800376 0.405529 0.016583 0.041929
0 0.795585 0.471371 0.029850 0.056997
0 0.831257 0.441496 0.026902 0.054376
0 0.814674 0.421842 0.021742 0.041274
0 0.836601 0.400550 0.019163 0.036688
0 0.851894 0.418894 0.015109 0.049790
0 0.881928 0.461806 0.033166 0.050445
0 0.902012 0.422497 0.019531 0.046515
0 0.933520 0.406774 0.024322 0.049135
0 0.951209 0.446410 0.025796 0.060273
0 0.974794 0.497510 0.036114 0.068134
0 0.993477 0.450996 0.013045 0.047170