0 0.687146 0.564990 0.064858 0.098532
0 0.782075 0.525157 0.054245 0.090147
0 0.407404 0.474979 0.025636 0.070185
0 0.505552 0.486373 0.023094 0.066387
0 0.594487 0.465846 0.028990 0.067261
0 0.674332 0.465846 0.029481 0.056778
0 0.741844 0.465846 0.028498 0.069008
0 0.622936 0.413435 0.024568 0.049790
0 0.551690 0.414308 0.024568 0.049790
0 0.477496 0.424354 0.029481 0.052411
0 0.429835 0.425227 0.026533 0.045423
0 0.369644 0.416929 0.027024 0.056778
0 0.387579 0.389413 0.023585 0.038435
0 0.433029 0.382425 0.028007 0.034941
0 0.467915 0.372816 0.027024 0.038435
0 0.512628 0.379804 0.020145 0.033194
0 0.551199 0.374126 0.019654 0.044549
0 0.590998 0.379804 0.018671 0.033194
0 0.620971 0.365391 0.025550 0.035814
0 0.586331 0.352725 0.021128 0.026205
0 0.563237 0.333508 0.018180 0.027952
0 0.387824 0.357966 0.019163 0.034941
0 0.414849 0.350978 0.013267 0.027952
0 0.425904 0.359277 0.016706 0.035814
0 0.421236 0.330451 0.014249 0.021838
0 0.391755 0.336565 0.012284 0.016597
0 0.377997 0.346611 0.017197 0.026205
0 0.444084 0.340496 0.013758 0.020964
0 0.450717 0.330451 0.016215 0.025332
0 0.478724 0.338749 0.013267 0.029700
0 0.485358 0.327830 0.009827 0.030573
0 0.501081 0.343117 0.009827 0.022711
0 0.506240 0.329577 0.011301 0.021838
0 0.504275 0.358840 0.020145 0.029700
0 0.530562 0.342680 0.015723 0.028826
0 0.539898 0.332635 0.007862 0.022711
0 0.144029 0.466362 0.036985 0.074328
0 0.047277 0.493997 0.039666 0.070516
0 0.011910 0.437107 0.023820 0.090147
0 0.047288 0.384172 0.028302 0.053459
0 0.033726 0.362683 0.021226 0.035639
0 0.119811 0.429245 0.031840 0.063941
0 0.204717 0.399895 0.029481 0.057652
0 0.166981 0.403040 0.025943 0.038784
0 0.238325 0.390985 0.022406 0.041929
0 0.270755 0.365828 0.022406 0.037736
0 0.278125 0.271488 0.027712 0.037736
0 0.263679 0.326520 0.017689 0.036688
0 0.233019 0.359539 0.017689 0.033543
0 0.197641 0.358491 0.025943 0.039832
0 0.198231 0.330189 0.023585 0.025157
0 0.167571 0.333857 0.020047 0.028302
0 0.146934 0.338574 0.020047 0.029350
0 0.139564 0.367925 0.025354 0.046122
0 0.110377 0.386792 0.029481 0.046122
0 0.087382 0.368449 0.033019 0.045073
0 0.073526 0.339623 0.028892 0.048218
0 0.109198 0.343816 0.022406 0.035639
0 0.134552 0.325472 0.016509 0.036688
0 0.231170 0.331169 0.016357 0.019612