0 0.35305059523809523 0.5092592592592593 0.020089285714285716 0.031746031746031744
0 0.46056547619047616 0.49867724867724866 0.025297619047619048 0.05026455026455026
0 0.5476190476190477 0.42658730158730157 0.022321428571428572 0.04365079365079365
0 0.8679315476190477 0.5297619047619048 0.036458333333333336 0.06481481481481481
0 0.04538690476190476 0.47354497354497355 0.025297619047619048 0.05291005291005291
0 0.8188244047619048 0.4384920634920635 0.014136904761904762 0.027777777777777776
0 0.5137648809523809 0.4966931216931217 0.023065476190476192 0.04365079365079365
0 0.7972470238095238 0.38756613756613756 0.026041666666666668 0.05291005291005291
0 0.7834821428571429 0.4689153439153439 0.03125 0.062169312169312166
0 0.3776041666666667 0.7175925925925926 0.10342261904761904 0.18121693121693122
0 0.44233630952380953 0.5734126984126984 0.04241071428571429 0.08068783068783068
0 0.38058035714285715 0.4537037037037037 0.04241071428571429 0.07407407407407407
0 0.16145833333333334 0.6461640211640212 0.07291666666666667 0.13624338624338625
0 0.7079613095238095 0.46825396825396826 0.020089285714285716 0.03968253968253968
0 0.6476934523809523 0.4444444444444444 0.014136904761904762 0.023809523809523808
0 0.6852678571428571 0.47156084656084657 0.017857142857142856 0.03306878306878307
0 0.37723214285714285 0.5515873015873016 0.04017857142857143 0.082010582010582
0 0.953125 0.48148148148148145 0.04017857142857143 0.07936507936507936
0 0.6648065476190477 0.4722222222222222 0.01711309523809524 0.031746031746031744
0 0.27529761904761907 0.5568783068783069 0.043154761904761904 0.07936507936507936
0 0.9248511904761905 0.541005291005291 0.052083333333333336 0.09259259259259259
0 0.7447916666666666 0.4689153439153439 0.02976190476190476 0.05423280423280423
0 0.8070238095238096 0.47208994708994706 0.013534226190476232 0.052526455026455074