0 0.142925 0.899371 0.077830 0.134172
0 0.026179 0.632075 0.049528 0.064990
0 0.130542 0.603774 0.036557 0.067086
0 0.205425 0.575472 0.035377 0.056604
0 0.371375 0.572509 0.030014 0.046486
0 0.414838 0.582536 0.019996 0.033725
0 0.446626 0.567496 0.016920 0.036460
0 0.473288 0.567952 0.018970 0.042840
0 0.508152 0.548811 0.018970 0.030079
0 0.502512 0.589372 0.025123 0.043752
0 0.536095 0.581624 0.021534 0.039194
0 0.537121 0.546076 0.024610 0.035548
0 0.626333 0.524200 0.029737 0.057424
0 0.577881 0.638593 0.032301 0.047398
0 0.613772 0.612159 0.019996 0.051044
0 0.639151 0.604867 0.019483 0.045575
0 0.688884 0.615805 0.024610 0.047398
0 0.669145 0.731747 0.038454 0.067451
0 0.755435 0.687540 0.030763 0.064716
0 0.807475 0.685717 0.035377 0.055601
0 0.836700 0.677969 0.033326 0.061982