0 0.8939732142857143 0.5416666666666666 0.027529761904761904 0.051587301587301584
0 0.6008184523809523 0.5198412698412699 0.01711309523809524 0.0291005291005291
0 0.6257440476190477 0.5257936507936508 0.017857142857142856 0.03571428571428571
0 0.8824404761904762 0.5582010582010583 0.028273809523809524 0.05026455026455026
0 0.39694940476190477 0.5079365079365079 0.018601190476190476 0.03968253968253968
0 0.33110119047619047 0.5291005291005291 0.019345238095238096 0.03968253968253968
0 0.02976190476190476 0.7493386243386243 0.05952380952380952 0.14682539682539683
0 0.9274553571428571 0.5482804232804233 0.03050595238095238 0.056878306878306875
0 0.1324404761904762 0.5873015873015873 0.050595238095238096 0.0873015873015873
0 0.7332589285714286 0.5145502645502645 0.018601190476190476 0.0291005291005291
0 0.7235863095238095 0.5436507936507936 0.018601190476190476 0.031746031746031744
0 0.5706845238095238 0.5026455026455027 0.013392857142857142 0.021164021164021163
0 0.3619791666666667 0.5059523809523809 0.015625 0.02513227513227513
0 0.7987351190476191 0.5297619047619048 0.023065476190476192 0.04894179894179894
0 0.30580357142857145 0.6355820105820106 0.049107142857142856 0.09391534391534391
0 0.013764880952380952 0.5753968253968254 0.027529761904761904 0.06349206349206349
0 0.14769345238095238 0.5476190476190477 0.033482142857142856 0.0582010582010582
0 0.8452380952380952 0.5978835978835979 0.050595238095238096 0.09788359788359788
0 0.9758184523809523 0.5694444444444444 0.034970238095238096 0.0701058201058201
0 0.6633184523809523 0.5218253968253969 0.026041666666666668 0.05423280423280423
0 0.7700892857142857 0.544973544973545 0.026785714285714284 0.047619047619047616
0 0.35342261904761907 0.5224867724867724 0.020833333333333332 0.037037037037037035
0 0.26376488095238093 0.5383597883597884 0.027529761904761904 0.05026455026455026
0 0.32775297619047616 0.5066137566137566 0.018601190476190476 0.031746031746031744
0 0.05022321428571429 0.5568783068783069 0.036458333333333336 0.06878306878306878
0 0.2890625 0.5257936507936508 0.021577380952380952 0.04365079365079365
0 0.5189732142857143 0.498015873015873 0.01711309523809524 0.03042328042328042
0 0.7005208333333334 0.5165343915343915 0.01711309523809524 0.027777777777777776
0 0.4226190476190476 0.5628306878306878 0.03273809523809524 0.06481481481481481
0 0.5822172619047619 0.5191798941798942 0.01711309523809524 0.03306878306878307
0 0.24404761904761904 0.5066137566137566 0.020833333333333332 0.03968253968253968
0 0.6826636904761905 0.5714285714285714 0.031994047619047616 0.0582010582010582
0 0.6075148809523809 0.5033068783068783 0.015625 0.027777777777777776
0 0.2976190476190476 0.5072751322751323 0.017857142857142856 0.027777777777777776
0 0.21577380952380953 0.5171957671957672 0.022321428571428572 0.03968253968253968
0 0.6328125 0.5033068783068783 0.014136904761904762 0.02513227513227513
0 0.16629464285714285 0.5185185185185185 0.023065476190476192 0.03968253968253968
0 0.5472470238095238 0.5013227513227513 0.014136904761904762 0.0291005291005291
0 0.390625 0.53505291005291 0.023809523809523808 0.04894179894179894
0 0.6186755952380952 0.542989417989418 0.018601190476190476 0.041005291005291
0 0.21688988095238096 0.6104497354497355 0.04389880952380952 0.08068783068783068
0 0.8530505952380952 0.5304232804232805 0.018601190476190476 0.031746031746031744
0 0.19866071428571427 0.544973544973545 0.02976190476190476 0.06084656084656084
0 0.5152529761904762 0.705026455026455 0.0662202380952381 0.1349206349206349
0 0.3385416666666667 0.5701058201058201 0.03125 0.06878306878306878