0 0.310546875 0.64892578125 0.044921875 0.0478515625
0 0.34228515625 0.6513671875 0.0244140625 0.02734375
0 0.015625 0.66259765625 0.03125 0.0380859375
0 0.26953125 0.6669921875 0.083984375 0.08203125
0 0.0458984375 0.68603515625 0.0546875 0.0537109375
0 0.16357421875 0.65869140625 0.0361328125 0.0380859375
0 0.560546875 0.646484375 0.044921875 0.041015625
0 0.39013671875 0.65478515625 0.0478515625 0.0517578125
0 0.46435546875 0.65185546875 0.0439453125 0.0458984375
0 0.88611328125 0.699755859375 0.18427734375000004 0.22569335937500012
0 0.7255859375 0.6455078125 0.033203125 0.0390625
0 0.52587890625 0.6416015625 0.0322265625 0.03125
0 0.19287109375 0.66162109375 0.0400390625 0.0458984375
0 0.798828125 0.6298828125 0.03515625 0.037109375
0 0.650390625 0.626953125 0.076171875 0.080078125