0 0.823828125 0.5887265135699373 0.02734375 0.04175365344467641
0 0.330078125 0.6910229645093946 0.07265625 0.09603340292275574
0 0.805078125 0.6043841336116911 0.04296875 0.05845511482254697
0 0.393359375 0.5996868475991649 0.03671875 0.0511482254697286
0 0.58828125 0.6137787056367432 0.040625 0.060542797494780795
0 0.697265625 0.5777661795407099 0.02890625 0.0407098121085595
0 0.523828125 0.5730688935281837 0.02421875 0.04384133611691023
0 0.359375 0.5835073068893528 0.025 0.04175365344467641
0 0.44296875 0.5589770354906054 0.0203125 0.026096033402922755
0 0.3046875 0.5793319415448852 0.0359375 0.05636743215031315
0 0.5046875 0.605427974947808 0.034375 0.054279749478079335
0 0.286328125 0.6993736951983298 0.08046875 0.12108559498956159
0 0.41171875 0.5621085594989561 0.021875 0.030271398747390398
0 0.15390625 0.5615866388308977 0.03125 0.04384133611691023
0 0.355859375 0.5568893528183716 0.02578125 0.032359081419624215
0 0.5703125 0.5683716075156576 0.0234375 0.038622129436325675
0 0.07734375 0.668580375782881 0.053125 0.07411273486430063
0 0.666015625 0.5892484342379958 0.03359375 0.04697286012526096