0 0.19717261904761904 0.4332010582010582 0.01636904761904762 0.03306878306878307
0 0.2578125 0.3955026455026455 0.011160714285714286 0.023809523809523808
0 0.24851190476190477 0.43452380952380953 0.017857142857142856 0.03571428571428571
0 0.4479166666666667 0.38822751322751325 0.013392857142857142 0.022486772486772486
0 0.25223214285714285 0.4113756613756614 0.01636904761904762 0.031746031746031744
0 0.13653273809523808 0.414021164021164 0.01711309523809524 0.037037037037037035
0 0.53125 0.39616402116402116 0.01636904761904762 0.03042328042328042
0 0.39992559523809523 0.4305555555555556 0.020089285714285716 0.041005291005291
0 0.2663690476190476 0.39351851851851855 0.019345238095238096 0.03835978835978836
0 0.7362351190476191 0.42857142857142855 0.014136904761904762 0.0291005291005291
0 0.7459077380952381 0.4146825396825397 0.024553571428571428 0.03835978835978836
0 0.21428571428571427 0.4298941798941799 0.017857142857142856 0.03968253968253968
0 0.5479910714285714 0.3921957671957672 0.012648809523809524 0.022486772486772486
0 0.5107886904761905 0.3888888888888889 0.011160714285714286 0.023809523809523808
0 0.6365327380952381 0.41005291005291006 0.018601190476190476 0.037037037037037035
0 0.3020833333333333 0.41865079365079366 0.028273809523809524 0.051587301587301584
0 0.17336309523809523 0.4080687830687831 0.013392857142857142 0.02513227513227513
0 0.08258928571428571 0.46494708994708994 0.03571428571428571 0.07275132275132275
0 0.5799851190476191 0.3974867724867725 0.015625 0.027777777777777776
0 0.15401785714285715 0.4027777777777778 0.019345238095238096 0.03571428571428571
0 0.6011904761904762 0.4146825396825397 0.01488095238095238 0.027777777777777776
0 0.8009672619047619 0.42724867724867727 0.023065476190476192 0.042328042328042326
0 0.6276041666666666 0.3994708994708995 0.015625 0.031746031746031744
0 0.4069940476190476 0.3974867724867725 0.01636904761904762 0.03042328042328042
0 0.6662946428571429 0.41534391534391535 0.018601190476190476 0.03439153439153439
0 0.22135416666666666 0.3994708994708995 0.014136904761904762 0.031746031746031744
0 0.11681547619047619 0.4021164021164021 0.01488095238095238 0.0291005291005291
0 0.6067708333333334 0.4027777777777778 0.014136904761904762 0.02513227513227513
0 0.3404017857142857 0.4775132275132275 0.031994047619047616 0.06349206349206349
0 0.5509672619047619 0.4305555555555556 0.023065476190476192 0.046296296296296294
0 0.23735119047619047 0.4093915343915344 0.01488095238095238 0.027777777777777776
0 0.43191964285714285 0.3948412698412698 0.014136904761904762 0.027777777777777776
0 0.37611607142857145 0.4080687830687831 0.018601190476190476 0.03306878306878307
0 0.3307291666666667 0.3353174603174603 0.021577380952380952 0.041005291005291
0 0.09226190476190477 0.41005291005291006 0.019345238095238096 0.03968253968253968
0 0.6837797619047619 0.43584656084656087 0.01636904761904762 0.03571428571428571
0 0.8456101190476191 0.4226190476190476 0.024553571428571428 0.046296296296296294
0 0.4724702380952381 0.39616402116402116 0.020833333333333332 0.03571428571428571
0 0.11867559523809523 0.5191798941798942 0.04836309523809524 0.09391534391534391
0 0.11755952380952381 0.4437830687830688 0.023809523809523808 0.051587301587301584
0 0.27380952380952384 0.4451058201058201 0.026785714285714284 0.051587301587301584
0 0.4099702380952381 0.455026455026455 0.03273809523809524 0.06613756613756613
0 0.7135416666666666 0.42328042328042326 0.020833333333333332 0.03439153439153439
0 0.19717261904761904 0.4001322751322751 0.017857142857142856 0.03042328042328042
0 0.5208333333333334 0.43783068783068785 0.028273809523809524 0.05291005291005291
0 0.17857142857142858 0.44642857142857145 0.023809523809523808 0.056878306878306875
0 0.5732886904761905 0.48677248677248675 0.04538690476190476 0.082010582010582
0 0.45089285714285715 0.42394179894179895 0.023809523809523808 0.04365079365079365
0 0.48921130952380953 0.42394179894179895 0.015625 0.03306878306878307
0 0.23363095238095238 0.4861111111111111 0.04017857142857143 0.07804232804232804
0 0.18973214285714285 0.6038359788359788 0.07738095238095238 0.15476190476190477
0 0.47433035714285715 0.5119047619047619 0.057291666666666664 0.10317460317460317
0 0.3470982142857143 0.5502645502645502 0.0662202380952381 0.10582010582010581