0 0.079162 0.677280 0.052383 0.089217
0 0.153707 0.564990 0.036840 0.049223
0 0.287829 0.699200 0.051807 0.099216
0 0.331865 0.692663 0.054685 0.099985
0 0.393170 0.605753 0.035689 0.067682
0 0.360071 0.588833 0.035114 0.049223
0 0.305386 0.584218 0.037416 0.055376
0 0.358056 0.558837 0.037992 0.038456
0 0.410727 0.563452 0.024752 0.032303
0 0.441235 0.565759 0.023601 0.036917
0 0.508078 0.619612 0.036786 0.066070
0 0.526471 0.574490 0.031358 0.030618
0 0.575016 0.571670 0.037992 0.041093
0 0.588283 0.617194 0.039198 0.064459
0 0.665171 0.589799 0.030152 0.049956
0 0.697434 0.581339 0.025931 0.047538
0 0.801700 0.607928 0.034977 0.058819
0 0.827932 0.594231 0.039198 0.050761