0 0.6008184523809523 0.6322751322751323 0.021577380952380952 0.037037037037037035
0 0.27566964285714285 0.6064814814814815 0.024553571428571428 0.04894179894179894
0 0.6852678571428571 0.6488095238095238 0.026785714285714284 0.051587301587301584
0 0.6432291666666666 0.5892857142857143 0.03794642857142857 0.07539682539682539
0 0.6930803571428571 0.6223544973544973 0.024553571428571428 0.041005291005291
0 0.7157738095238095 0.6931216931216931 0.03273809523809524 0.06878306878306878
0 0.45275297619047616 0.5833333333333334 0.014136904761904762 0.0291005291005291
0 0.37797619047619047 0.6025132275132276 0.019345238095238096 0.041005291005291
0 0.35453869047619047 0.6183862433862434 0.023065476190476192 0.04365079365079365
0 0.8206845238095238 0.6474867724867724 0.026785714285714284 0.051587301587301584
0 0.26748511904761907 0.5634920634920635 0.021577380952380952 0.042328042328042326
0 0.19866071428571427 0.6150793650793651 0.03273809523809524 0.06613756613756613
0 0.8534226190476191 0.5667989417989417 0.03720238095238095 0.06746031746031746
0 0.47544642857142855 0.58994708994709 0.019345238095238096 0.03968253968253968
0 0.029017857142857144 0.626984126984127 0.03720238095238095 0.06613756613756613
0 0.5122767857142857 0.6064814814814815 0.023065476190476192 0.04365079365079365
0 0.4192708333333333 0.6031746031746031 0.020089285714285716 0.042328042328042326
0 0.7604166666666666 0.6534391534391535 0.050595238095238096 0.08994708994708994
0 0.45796130952380953 0.6091269841269841 0.01711309523809524 0.03835978835978836
0 0.3794642857142857 0.6620370370370371 0.04017857142857143 0.08333333333333333
0 0.11383928571428571 0.6779100529100529 0.05803571428571429 0.11243386243386243
0 0.6324404761904762 0.7123015873015873 0.052083333333333336 0.09656084656084656
0 0.2734375 0.6712962962962963 0.061755952380952384 0.11507936507936507
0 0.5587797619047619 0.5416666666666666 0.02976190476190476 0.06481481481481481
0 0.4739583333333333 0.6858465608465608 0.052083333333333336 0.09126984126984126