0 0.7578125 0.38492063492063494 0.01711309523809524 0.03439153439153439
0 0.6305803571428571 0.4834656084656085 0.05431547619047619 0.08862433862433862
0 0.8165922619047619 0.3802910052910053 0.026041666666666668 0.04365079365079365
0 0.22581845238095238 0.44246031746031744 0.04836309523809524 0.07539682539682539
0 0.7749255952380952 0.40343915343915343 0.026041666666666668 0.05026455026455026
0 0.11086309523809523 0.4470899470899471 0.03720238095238095 0.07142857142857142
0 0.22842261904761904 0.39021164021164023 0.020833333333333332 0.042328042328042326
0 0.6819196428571429 0.37037037037037035 0.014136904761904762 0.023809523809523808
0 0.6603422619047619 0.4775132275132275 0.03943452380952381 0.07671957671957672
0 0.03943452380952381 0.5952380952380952 0.07886904761904762 0.15079365079365079
0 0.9393601190476191 0.4021164021164021 0.029017857142857144 0.05555555555555555
0 0.65625 0.38227513227513227 0.023809523809523808 0.05555555555555555
0 0.5435267857142857 0.40674603174603174 0.029017857142857144 0.05423280423280423
0 0.06324404761904762 0.44907407407407407 0.049107142857142856 0.09126984126984126
0 0.5275297619047619 0.3611111111111111 0.022321428571428572 0.03968253968253968
0 0.18824404761904762 0.4695767195767196 0.043154761904761904 0.07407407407407407
0 0.3787202380952381 0.34656084656084657 0.052083333333333336 0.09523809523809523
0 0.7072172619047619 0.36904761904761907 0.014136904761904762 0.026455026455026454
0 0.16034226190476192 0.40145502645502645 0.03050595238095238 0.051587301587301584
0 0.8098958333333334 0.41865079365079366 0.03050595238095238 0.06481481481481481
0 0.6194196428571429 0.3915343915343915 0.021577380952380952 0.047619047619047616
0 0.9017857142857143 0.40343915343915343 0.026785714285714284 0.05291005291005291