0 0.6994047619047619 0.5773809523809523 0.011904761904761904 0.02513227513227513
0 0.6636904761904762 0.542989417989418 0.011904761904761904 0.022486772486772486
0 0.21800595238095238 0.5588624338624338 0.019345238095238096 0.041005291005291
0 0.5848214285714286 0.533068783068783 0.017857142857142856 0.031746031746031744
0 0.6897321428571429 0.5456349206349206 0.01636904761904762 0.03042328042328042
0 0.6465773809523809 0.5324074074074074 0.01488095238095238 0.02513227513227513
0 0.7336309523809523 0.5502645502645502 0.019345238095238096 0.026455026455026454
0 0.35193452380952384 0.5416666666666666 0.019345238095238096 0.041005291005291
0 0.4017857142857143 0.5958994708994709 0.025297619047619048 0.051587301587301584
0 0.26339285714285715 0.5324074074074074 0.017857142857142856 0.03306878306878307
0 0.10267857142857142 0.6488095238095238 0.05654761904761905 0.0992063492063492