0 0.52310546875 0.7953515625 0.12955078125000002 0.17925781250000009
0 0.57275390625 0.5 0.0322265625 0.046875
0 0.86572265625 0.5481770833333334 0.0712890625 0.10416666666666667
0 0.7724609375 0.4967447916666667 0.0234375 0.032552083333333336
0 0.37353515625 0.5013020833333334 0.0205078125 0.028645833333333332
0 0.4033203125 0.5026041666666666 0.025390625 0.036458333333333336
0 0.73828125 0.5065104166666666 0.025390625 0.036458333333333336
0 0.70279296875 0.5475260416666666 0.05208007812499993 0.08725260416666665
0 0.28125 0.5123697916666666 0.029296875 0.04296875
0 0.46923828125 0.5045572916666666 0.0205078125 0.029947916666666668
0 0.21728515625 0.521484375 0.0341796875 0.05078125
0 0.4970703125 0.4915364583333333 0.0234375 0.029947916666666668
0 0.0419921875 0.5247395833333334 0.03125 0.044270833333333336
0 0.71142578125 0.4908854166666667 0.0283203125 0.036458333333333336
0 0.43603515625 0.4934895833333333 0.0185546875 0.026041666666666668
0 0.2568359375 0.5123697916666666 0.01953125 0.029947916666666668
0 0.5693359375 0.5299479166666666 0.05859375 0.08333333333333333
0 0.796875 0.5104166666666666 0.03515625 0.0546875
0 0.1796875 0.5227864583333334 0.03515625 0.053385416666666664
0 0.30615234375 0.509765625 0.0224609375 0.032552083333333336
0 0.3681640625 0.6408463541666667 0.10350585937500001 0.1488932291666667
0 0.966796875 0.5130208333333334 0.048828125 0.0703125
0 0.10986328125 0.5325520833333334 0.0361328125 0.052083333333333336
0 0.93603515625 0.7365624999999999 0.1279296875 0.2100911458333333
0 0.8369140625 0.50390625 0.033203125 0.052083333333333336
0 0.4541015625 0.537109375 0.037109375 0.053385416666666664
0 0.07080078125 0.53515625 0.0283203125 0.0390625
0 0.24853515625 0.623046875 0.0791015625 0.10546875
0 0.90771484375 0.5084635416666666 0.0341796875 0.055989583333333336
0 0.63330078125 0.5104166666666666 0.0400390625 0.057291666666666664
0 0.5341796875 0.498046875 0.01953125 0.029947916666666668