0 0.118750 0.383648 0.048349 0.109015
0 0.306250 0.609015 0.067217 0.111111
0 0.506968 0.545455 0.042882 0.072422
0 0.618729 0.543072 0.038057 0.071469
0 0.682783 0.561654 0.038593 0.072422
0 0.526533 0.480179 0.036985 0.061940
0 0.465427 0.490661 0.031625 0.054317
0 0.398960 0.484467 0.030553 0.055270
0 0.359563 0.460168 0.028945 0.050505
0 0.298456 0.462550 0.037521 0.049552
0 0.345894 0.446827 0.021977 0.042882
0 0.385292 0.441109 0.028945 0.037164
0 0.471591 0.455880 0.030017 0.047646
0 0.244104 0.460916 0.033693 0.053908