0 0.4616815476190476 0.44576719576719576 0.01711309523809524 0.042328042328042326
0 0.05617559523809524 0.5363756613756614 0.034970238095238096 0.0701058201058201
0 0.25 0.4193121693121693 0.017857142857142856 0.031746031746031744
0 0.1484375 0.4173280423280423 0.01711309523809524 0.03306878306878307
0 0.4568452380952381 0.421957671957672 0.01636904761904762 0.031746031746031744
0 0.43191964285714285 0.4226190476190476 0.018601190476190476 0.03835978835978836
0 0.6692708333333334 0.4351851851851852 0.026041666666666668 0.047619047619047616
0 0.44717261904761907 0.4656084656084656 0.022321428571428572 0.04497354497354497
0 0.11495535714285714 0.4384920634920635 0.021577380952380952 0.04365079365079365
0 0.5107886904761905 0.4365079365079365 0.015625 0.031746031746031744
0 0.13132440476190477 0.5238095238095238 0.029017857142857144 0.06084656084656084
0 0.578125 0.4246031746031746 0.019345238095238096 0.03439153439153439
0 0.5282738095238095 0.42394179894179895 0.01636904761904762 0.03306878306878307
0 0.20052083333333334 0.4470899470899471 0.020089285714285716 0.04497354497354497
0 0.7351190476190477 0.4914021164021164 0.028273809523809524 0.05952380952380952
0 0.7046130952380952 0.4933862433862434 0.026785714285714284 0.0582010582010582
0 0.15364583333333334 0.44642857142857145 0.021577380952380952 0.046296296296296294
0 0.024553571428571428 0.4623015873015873 0.03422619047619048 0.0701058201058201
0 0.8091517857142857 0.576058201058201 0.05133928571428571 0.09126984126984126
0 0.32142857142857145 0.6058201058201058 0.049107142857142856 0.0873015873015873
0 0.49107142857142855 0.4279100529100529 0.019345238095238096 0.03306878306878307
0 0.1402529761904762 0.4722222222222222 0.023065476190476192 0.047619047619047616
0 0.4348958333333333 0.5509259259259259 0.04241071428571429 0.07804232804232804
0 0.7890625 0.5112433862433863 0.036458333333333336 0.07275132275132275
0 0.4601934523809524 0.5178571428571429 0.033482142857142856 0.06481481481481481
0 0.6350446428571429 0.5634920634920635 0.05133928571428571 0.0873015873015873
0 0.04873511904761905 0.582010582010582 0.04836309523809524 0.08994708994708994
0 0.5119047619047619 0.580026455026455 0.046130952380952384 0.09391534391534391
0 0.6127232142857143 0.5072751322751323 0.031994047619047616 0.06481481481481481
0 0.6521577380952381 0.4722222222222222 0.023065476190476192 0.05555555555555555
0 0.8318452380952381 0.6765873015873016 0.06398809523809523 0.13095238095238096
0 0.18080357142857142 0.42724867724867727 0.020833333333333332 0.042328042328042326
0 0.5476190476190477 0.4398148148148148 0.01636904761904762 0.03306878306878307
0 0.5197172619047619 0.4742063492063492 0.021577380952380952 0.046296296296296294
0 0.7384672619047619 0.578042328042328 0.05133928571428571 0.09259259259259259
0 0.07775297619047619 0.4398148148148148 0.023065476190476192 0.046296296296296294
0 0.22581845238095238 0.42923280423280424 0.01711309523809524 0.03571428571428571
0 0.40438988095238093 0.4636243386243386 0.03050595238095238 0.056878306878306875
0 0.6242559523809523 0.4437830687830688 0.020833333333333332 0.041005291005291
0 0.5431547619047619 0.5033068783068783 0.03125 0.06481481481481481
0 0.9672619047619048 0.6474867724867724 0.06547619047619048 0.14682539682539683
0 0.7518601190476191 0.7374338624338624 0.08854166666666667 0.1626984126984127
0 0.46688988095238093 0.6792328042328042 0.05431547619047619 0.11507936507936507
0 0.3307291666666667 0.7301587301587301 0.07663690476190477 0.1402116402116402