0 0.7559523809523809 0.6871693121693122 0.02976190476190476 0.05952380952380952
0 0.5784970238095238 0.6415343915343915 0.03050595238095238 0.06084656084656084
0 0.6391369047619048 0.6038359788359788 0.020833333333333332 0.041005291005291
0 0.7931547619047619 0.7136243386243386 0.04017857142857143 0.07804232804232804
0 0.6871279761904762 0.6150793650793651 0.024553571428571428 0.047619047619047616
0 0.5078125 0.5509259259259259 0.01711309523809524 0.03306878306878307
0 0.5342261904761905 0.5522486772486772 0.017857142857142856 0.03835978835978836
0 0.6320684523809523 0.5224867724867724 0.026041666666666668 0.042328042328042326
0 0.8366815476190477 0.6779100529100529 0.027529761904761904 0.051587301587301584
0 0.44680059523809523 0.5634920634920635 0.01711309523809524 0.031746031746031744
0 0.3757440476190476 0.5747354497354498 0.020833333333333332 0.03571428571428571
0 0.6119791666666666 0.6177248677248677 0.024553571428571428 0.05026455026455026
0 0.203125 0.5866402116402116 0.02976190476190476 0.056878306878306875
0 0.41629464285714285 0.5813492063492064 0.01711309523809524 0.03042328042328042
0 0.1484375 0.8988095238095238 0.07961309523809523 0.1574074074074074
0 0.12723214285714285 0.5978835978835979 0.028273809523809524 0.05555555555555555
0 0.4724702380952381 0.5687830687830688 0.017857142857142856 0.03439153439153439
0 0.5040922619047619 0.5859788359788359 0.020089285714285716 0.042328042328042326
0 0.6666666666666666 0.7281746031746031 0.03422619047619048 0.0701058201058201