0 0.8251488095238095 0.419973544973545 0.025297619047619048 0.04365079365079365
0 0.46316964285714285 0.39021164021164023 0.011160714285714286 0.021164021164021163
0 0.7566964285714286 0.4437830687830688 0.017857142857142856 0.03571428571428571
0 0.5390625 0.4708994708994709 0.020089285714285716 0.05291005291005291
0 0.44047619047619047 0.35119047619047616 0.011904761904761904 0.022486772486772486
0 0.5684523809523809 0.44907407407407407 0.01636904761904762 0.03306878306878307
0 0.30282738095238093 0.41203703703703703 0.01636904761904762 0.03306878306878307
0 0.49702380952380953 0.39880952380952384 0.01488095238095238 0.027777777777777776
0 0.22395833333333334 0.4166666666666667 0.020833333333333332 0.042328042328042326
0 0.01488095238095238 0.4556878306878307 0.028273809523809524 0.05423280423280423
0 0.07068452380952381 0.4742063492063492 0.043154761904761904 0.07804232804232804
0 0.5368303571428571 0.39021164021164023 0.012648809523809524 0.023809523809523808
0 0.6104910714285714 0.43584656084656087 0.018601190476190476 0.03571428571428571
0 0.7418154761904762 0.4113756613756614 0.020833333333333332 0.03439153439153439
0 0.515625 0.3968253968253968 0.013392857142857142 0.026455026455026454
0 0.3939732142857143 0.43716931216931215 0.012648809523809524 0.03042328042328042
0 0.7771577380952381 0.41798941798941797 0.024553571428571428 0.042328042328042326
0 0.42819940476190477 0.42592592592592593 0.014136904761904762 0.03439153439153439
0 0.6700148809523809 0.40476190476190477 0.020089285714285716 0.037037037037037035
0 0.5591517857142857 0.39351851851851855 0.012648809523809524 0.027777777777777776
0 0.12909226190476192 0.43716931216931215 0.020089285714285716 0.041005291005291
0 0.6023065476190477 0.4080687830687831 0.015625 0.03042328042328042
0 0.2726934523809524 0.421957671957672 0.018601190476190476 0.031746031746031744
0 0.47879464285714285 0.39087301587301587 0.011160714285714286 0.01984126984126984
0 0.34933035714285715 0.40476190476190477 0.014136904761904762 0.0291005291005291
0 0.7057291666666666 0.4576719576719577 0.023065476190476192 0.05291005291005291
0 0.16666666666666666 0.4298941798941799 0.022321428571428572 0.03968253968253968
0 0.7064732142857143 0.40674603174603174 0.020089285714285716 0.03042328042328042
0 0.4646577380952381 0.41005291005291006 0.015625 0.0291005291005291
0 0.24851190476190477 0.42724867724867727 0.017857142857142856 0.03439153439153439
0 0.19122023809523808 0.453042328042328 0.022321428571428572 0.041005291005291
0 0.4181547619047619 0.3816137566137566 0.013392857142857142 0.02513227513227513
0 0.48623511904761907 0.4193121693121693 0.015625 0.031746031746031744
0 0.6376488095238095 0.416005291005291 0.01488095238095238 0.03306878306878307
0 0.39099702380952384 0.6435185185185185 0.06919642857142858 0.13095238095238096
0 0.3165922619047619 0.4021164021164021 0.015625 0.0291005291005291
0 0.6112351190476191 0.4894179894179894 0.027529761904761904 0.05555555555555555
0 0.5007440476190477 0.4689153439153439 0.022321428571428572 0.04894179894179894
0 0.39806547619047616 0.4007936507936508 0.01488095238095238 0.0291005291005291
0 0.5319940476190477 0.546957671957672 0.041666666666666664 0.07539682539682539
0 0.7061011904761905 0.5152116402116402 0.03571428571428571 0.07275132275132275
0 0.2898065476190476 0.4537037037037037 0.024553571428571428 0.05291005291005291
0 0.5137648809523809 0.7255291005291006 0.07663690476190477 0.14947089947089948
0 0.75 0.6144179894179894 0.05505952380952381 0.10449735449735449
0 0.7611607142857143 0.4708994708994709 0.02976190476190476 0.06084656084656084
0 0.6339285714285714 0.578042328042328 0.04017857142857143 0.07671957671957672
0 0.5777529761904762 0.42328042328042326 0.01711309523809524 0.03439153439153439
0 0.8199404761904762 0.4636243386243386 0.03422619047619048 0.062169312169312166
0 0.5327380952380952 0.4451058201058201 0.023809523809523808 0.04365079365079365
0 0.4460565476190476 0.5363756613756614 0.033482142857142856 0.06481481481481481
0 0.21800595238095238 0.45436507936507936 0.020833333333333332 0.041005291005291
0 0.38244047619047616 0.49537037037037035 0.02976190476190476 0.05423280423280423
0 0.3333333333333333 0.42857142857142855 0.017857142857142856 0.037037037037037035
0 0.46316964285714285 0.455026455026455 0.024553571428571428 0.047619047619047616
0 0.2578125 0.4636243386243386 0.023065476190476192 0.04894179894179894
0 0.3709077380952381 0.419973544973545 0.018601190476190476 0.03306878306878307
0 0.65625 0.4523809523809524 0.023809523809523808 0.047619047619047616