0 0.4192708333333333 0.5965608465608465 0.023065476190476192 0.04497354497354497
0 0.38950892857142855 0.5026455026455027 0.014136904761904762 0.021164021164021163
0 0.39360119047619047 0.5357142857142857 0.022321428571428572 0.042328042328042326
0 0.37388392857142855 0.5271164021164021 0.01711309523809524 0.041005291005291
0 0.34412202380952384 0.5443121693121693 0.026041666666666668 0.05423280423280423
0 0.3177083333333333 0.533068783068783 0.01636904761904762 0.03439153439153439
0 0.47842261904761907 0.5152116402116402 0.017857142857142856 0.03571428571428571
0 0.5167410714285714 0.5066137566137566 0.01711309523809524 0.0291005291005291
0 0.5825892857142857 0.580026455026455 0.041666666666666664 0.07804232804232804
0 0.6871279761904762 0.460978835978836 0.06473214285714286 0.12301587301587301
0 0.6090029761904762 0.4834656084656085 0.058779761904761904 0.09656084656084656
0 0.07961309523809523 0.5615079365079365 0.03125 0.06481481481481481
0 0.14360119047619047 0.5562169312169312 0.03125 0.056878306878306875
0 0.4806547619047619 0.628968253968254 0.03720238095238095 0.07275132275132275
0 0.44494047619047616 0.533068783068783 0.023809523809523808 0.042328042328042326
0 0.5301339285714286 0.5615079365079365 0.024553571428571428 0.056878306878306875
0 0.34672619047619047 0.6071428571428571 0.03720238095238095 0.07142857142857142
0 0.47544642857142855 0.5634920634920635 0.02976190476190476 0.06349206349206349