0 0.29873511904761907 0.5582010582010583 0.020089285714285716 0.037037037037037035
0 0.7946428571428571 0.5681216931216931 0.023809523809523808 0.046296296296296294
0 0.4025297619047619 0.5529100529100529 0.020833333333333332 0.03968253968253968
0 0.02269345238095238 0.6382275132275133 0.04538690476190476 0.08068783068783068
0 0.5904017857142857 0.5178571428571429 0.014136904761904762 0.027777777777777776
0 0.8296130952380952 0.5727513227513228 0.07886904761904762 0.13756613756613756
0 0.5386904761904762 0.546957671957672 0.020833333333333332 0.03835978835978836
0 0.6369047619047619 0.6058201058201058 0.020833333333333332 0.05555555555555555
0 0.24627976190476192 0.6071428571428571 0.03720238095238095 0.06613756613756613
0 0.3601190476190476 0.5555555555555556 0.017857142857142856 0.03439153439153439
0 0.125 0.5992063492063492 0.03571428571428571 0.07142857142857142
0 0.1488095238095238 0.5767195767195767 0.03273809523809524 0.05555555555555555
0 0.9739583333333334 0.4781746031746032 0.052083333333333336 0.12301587301587301
0 0.7269345238095238 0.5251322751322751 0.019345238095238096 0.031746031746031744
0 0.5643601190476191 0.5436507936507936 0.020089285714285716 0.05026455026455026
0 0.9066220238095238 0.5502645502645502 0.034970238095238096 0.07671957671957672
0 0.22470238095238096 0.5138888888888888 0.03422619047619048 0.07275132275132275
0 0.20610119047619047 0.583994708994709 0.03125 0.062169312169312166
0 0.45907738095238093 0.4880952380952381 0.028273809523809524 0.05291005291005291
0 0.7001488095238095 0.5720899470899471 0.03125 0.062169312169312166
0 0.6019345238095238 0.5443121693121693 0.017857142857142856 0.04365079365079365
0 0.6841517857142857 0.5317460317460317 0.018601190476190476 0.042328042328042326
0 0.7529761904761905 0.5720899470899471 0.026785714285714284 0.05952380952380952
0 0.6543898809523809 0.5482804232804233 0.024553571428571428 0.046296296296296294
0 0.7157738095238095 0.6408730158730159 0.03869047619047619 0.07804232804232804
0 0.5755208333333334 0.6091269841269841 0.031994047619047616 0.062169312169312166