0 0.5543154761904762 0.5363756613756614 0.01488095238095238 0.03042328042328042
0 0.14211309523809523 0.5337301587301587 0.019345238095238096 0.04894179894179894
0 0.8456101190476191 0.5945767195767195 0.023065476190476192 0.05423280423280423
0 0.5178571428571429 0.4583333333333333 0.013392857142857142 0.027777777777777776
0 0.5029761904761905 0.5257936507936508 0.017857142857142856 0.03571428571428571
0 0.6194196428571429 0.5753968253968254 0.020089285714285716 0.037037037037037035
0 0.3005952380952381 0.5092592592592593 0.013392857142857142 0.026455026455026454
0 0.07217261904761904 0.5185185185185185 0.026785714285714284 0.05291005291005291
0 0.3709077380952381 0.5105820105820106 0.011160714285714286 0.023809523809523808
0 0.8024553571428571 0.6197089947089947 0.027529761904761904 0.056878306878306875
0 0.5565476190476191 0.5198412698412699 0.01488095238095238 0.031746031746031744
0 0.5137648809523809 0.6871693121693122 0.04985119047619048 0.09391534391534391
0 0.8351934523809523 0.5747354497354498 0.023065476190476192 0.04894179894179894
0 0.9029017857142857 0.5654761904761905 0.027529761904761904 0.051587301587301584
0 0.6811755952380952 0.5548941798941799 0.018601190476190476 0.03571428571428571
0 0.12872023809523808 0.5218253968253969 0.023809523809523808 0.051587301587301584
0 0.6726190476190477 0.7215608465608465 0.06696428571428571 0.12301587301587301
0 0.8508184523809523 0.5529100529100529 0.026041666666666668 0.04497354497354497
0 0.9166666666666666 0.5978835978835979 0.028273809523809524 0.06349206349206349
0 0.4806547619047619 0.5119047619047619 0.01636904761904762 0.0291005291005291
0 0.5383184523809523 0.5099206349206349 0.014136904761904762 0.02513227513227513
0 0.8072916666666666 0.5363756613756614 0.01636904761904762 0.03042328042328042
0 0.5747767857142857 0.5264550264550265 0.012648809523809524 0.026455026455026454
0 0.8106398809523809 0.5582010582010583 0.018601190476190476 0.031746031746031744
0 0.4412202380952381 0.5257936507936508 0.023809523809523808 0.046296296296296294
0 0.6171875 0.5271164021164021 0.020089285714285716 0.03042328042328042
0 0.7313988095238095 0.5383597883597884 0.020833333333333332 0.03439153439153439
0 0.6432291666666666 0.5462962962962963 0.01711309523809524 0.037037037037037035
0 0.5930059523809523 0.5185185185185185 0.017857142857142856 0.031746031746031744
0 0.45944940476190477 0.5119047619047619 0.014136904761904762 0.026455026455026454
0 0.40736607142857145 0.531084656084656 0.020089285714285716 0.041005291005291
0 0.7005208333333334 0.5476190476190477 0.015625 0.03439153439153439
0 0.41703869047619047 0.5198412698412699 0.015625 0.0291005291005291
0 0.53125 0.5198412698412699 0.01636904761904762 0.026455026455026454
0 0.33816964285714285 0.5423280423280423 0.01711309523809524 0.037037037037037035
0 0.18898809523809523 0.5324074074074074 0.03273809523809524 0.062169312169312166
0 0.34970238095238093 0.5178571428571429 0.017857142857142856 0.03042328042328042
0 0.6651785714285714 0.5363756613756614 0.01488095238095238 0.03571428571428571
0 0.3869047619047619 0.5092592592592593 0.01488095238095238 0.031746031746031744
0 0.5755208333333334 0.5793650793650794 0.023065476190476192 0.05291005291005291
0 0.6331845238095238 0.626984126984127 0.03422619047619048 0.07142857142857142
0 0.6994047619047619 0.5879629629629629 0.023809523809523808 0.04894179894179894
0 0.734375 0.5701058201058201 0.020833333333333332 0.042328042328042326
0 0.3244047619047619 0.5178571428571429 0.017857142857142856 0.03835978835978836
0 0.22544642857142858 0.5165343915343915 0.017857142857142856 0.03306878306878307
0 0.5412946428571429 0.6177248677248677 0.033482142857142856 0.0582010582010582
0 0.8735119047619048 0.6984126984126984 0.05803571428571429 0.11375661375661375
0 0.7700892857142857 0.546957671957672 0.019345238095238096 0.041005291005291
0 0.7436755952380952 0.66005291005291 0.034970238095238096 0.07671957671957672
0 0.7924107142857143 0.5727513227513228 0.020833333333333332 0.042328042328042326
0 0.30505952380952384 0.5337301587301587 0.01636904761904762 0.03306878306878307
0 0.28013392857142855 0.5357142857142857 0.018601190476190476 0.037037037037037035
0 0.47693452380952384 0.5694444444444444 0.026785714285714284 0.056878306878306875
0 0.2544642857142857 0.5158730158730159 0.020833333333333332 0.037037037037037035
0 0.5342261904761905 0.5621693121693122 0.019345238095238096 0.042328042328042326
0 0.3716517857142857 0.5482804232804233 0.027529761904761904 0.051587301587301584
0 0.6004464285714286 0.5621693121693122 0.017857142857142856 0.03439153439153439