0 0.49367559523809523 0.4933862433862434 0.023065476190476192 0.04497354497354497
0 0.38169642857142855 0.4914021164021164 0.01636904761904762 0.03306878306878307
0 0.5837053571428571 0.4880952380952381 0.015625 0.0291005291005291
0 0.9174107142857143 0.5125661375661376 0.019345238095238096 0.03571428571428571
0 0.9226190476190477 0.49867724867724866 0.01488095238095238 0.021164021164021163
0 0.5892857142857143 0.47156084656084657 0.013392857142857142 0.022486772486772486
0 0.39546130952380953 0.48214285714285715 0.014136904761904762 0.027777777777777776
0 0.16145833333333334 0.6256613756613757 0.047619047619047616 0.09259259259259259
0 0.6402529761904762 0.46494708994708994 0.014136904761904762 0.022486772486772486
0 0.6112351190476191 0.48743386243386244 0.018601190476190476 0.03571428571428571
0 0.48214285714285715 0.5059523809523809 0.01488095238095238 0.03042328042328042
0 0.15438988095238096 0.5681216931216931 0.036458333333333336 0.07539682539682539
0 0.7622767857142857 0.5529100529100529 0.021577380952380952 0.042328042328042326
0 0.5472470238095238 0.5112433862433863 0.024553571428571428 0.046296296296296294
0 0.39620535714285715 0.5112433862433863 0.01711309523809524 0.04365079365079365
0 0.7459077380952381 0.4947089947089947 0.01711309523809524 0.031746031746031744
0 0.6543898809523809 0.48214285714285715 0.015625 0.03306878306878307
0 0.9229910714285714 0.5562169312169312 0.020089285714285716 0.041005291005291
0 0.5029761904761905 0.4636243386243386 0.01488095238095238 0.03042328042328042
0 0.3444940476190476 0.498015873015873 0.019345238095238096 0.03835978835978836
0 0.7723214285714286 0.49603174603174605 0.01636904761904762 0.026455026455026454
0 0.7012648809523809 0.5462962962962963 0.027529761904761904 0.05026455026455026
0 0.4412202380952381 0.4755291005291005 0.013392857142857142 0.02513227513227513
0 0.7767857142857143 0.5211640211640212 0.022321428571428572 0.04497354497354497
0 0.3162202380952381 0.49007936507936506 0.017857142857142856 0.03571428571428571
0 0.8854166666666666 0.5085978835978836 0.019345238095238096 0.03835978835978836
0 0.6737351190476191 0.47685185185185186 0.015625 0.03306878306878307
0 0.9918154761904762 0.5304232804232805 0.01636904761904762 0.042328042328042326
0 0.5740327380952381 0.41005291005291006 0.018601190476190476 0.031746031746031744
0 0.9341517857142857 0.5231481481481481 0.020089285714285716 0.03571428571428571
0 0.7295386904761905 0.5099206349206349 0.018601190476190476 0.03835978835978836
0 0.22470238095238096 0.5072751322751323 0.023809523809523808 0.046296296296296294
0 0.5037202380952381 0.5138888888888888 0.023809523809523808 0.046296296296296294
0 0.41592261904761907 0.48544973544973546 0.01636904761904762 0.03439153439153439
0 0.6421130952380952 0.5648148148148148 0.03125 0.05555555555555555
0 0.29129464285714285 0.5390211640211641 0.020089285714285716 0.04894179894179894
0 0.7886904761904762 0.5046296296296297 0.017857142857142856 0.03042328042328042
0 0.25892857142857145 0.5158730158730159 0.025297619047619048 0.047619047619047616
0 0.4635416666666667 0.46825396825396826 0.01636904761904762 0.0291005291005291
0 0.7738095238095238 0.6137566137566137 0.043154761904761904 0.08994708994708994
0 0.8125 0.49007936507936506 0.01488095238095238 0.03042328042328042
0 0.33370535714285715 0.5324074074074074 0.027529761904761904 0.056878306878306875
0 0.3802083333333333 0.548941798941799 0.020833333333333332 0.047619047619047616
0 0.7046130952380952 0.5992063492063492 0.03273809523809524 0.06878306878306878
0 0.45610119047619047 0.5211640211640212 0.022321428571428572 0.047619047619047616
0 0.8653273809523809 0.4973544973544973 0.020833333333333332 0.037037037037037035
0 0.10044642857142858 0.5244708994708994 0.03869047619047619 0.07539682539682539
0 0.9620535714285714 0.5085978835978836 0.020833333333333332 0.041005291005291
0 0.9084821428571429 0.746031746031746 0.06994047619047619 0.12962962962962962
0 0.9073660714285714 0.628968253968254 0.04092261904761905 0.07539682539682539
0 0.7239583333333334 0.7123015873015873 0.05803571428571429 0.0992063492063492
0 0.59375 0.6157407407407407 0.046130952380952384 0.07804232804232804
0 0.8902529761904762 0.5548941798941799 0.03050595238095238 0.05952380952380952
0 0.8333333333333334 0.49933862433862436 0.020833333333333332 0.03835978835978836
0 0.8195684523809523 0.5383597883597884 0.026041666666666668 0.05026455026455026
0 0.9851190476190477 0.5846560846560847 0.02976190476190476 0.07407407407407407
0 0.42671130952380953 0.5595238095238095 0.026041666666666668 0.0582010582010582