0 0.27380952380952384 0.6130952380952381 0.013392857142857142 0.022486772486772486
0 0.7410714285714286 0.6474867724867724 0.013392857142857142 0.02513227513227513
0 0.7336309523809523 0.6117724867724867 0.017857142857142856 0.03306878306878307
0 0.7764136904761905 0.6236772486772487 0.01711309523809524 0.03042328042328042
0 0.7034970238095238 0.6111111111111112 0.014136904761904762 0.023809523809523808
0 0.4453125 0.6653439153439153 0.021577380952380952 0.047619047619047616
0 0.3913690476190476 0.621031746031746 0.020833333333333332 0.041005291005291
0 0.30766369047619047 0.6104497354497355 0.018601190476190476 0.03306878306878307
0 0.6220238095238095 0.5972222222222222 0.01636904761904762 0.027777777777777776
0 0.6789434523809523 0.5985449735449735 0.012648809523809524 0.022486772486772486
0 0.14397321428571427 0.7354497354497355 0.060267857142857144 0.1349206349206349