0 0.9200148809523809 0.6144179894179894 0.04836309523809524 0.08068783068783068
0 0.20647321428571427 0.5866402116402116 0.027529761904761904 0.051587301587301584
0 0.7689732142857143 0.5396825396825397 0.021577380952380952 0.03968253968253968
0 0.30171130952380953 0.5482804232804233 0.020089285714285716 0.03571428571428571
0 0.6994047619047619 0.5661375661375662 0.020833333333333332 0.042328042328042326
0 0.08705357142857142 0.6818783068783069 0.05952380952380952 0.11772486772486772
0 0.6555059523809523 0.5588624338624338 0.025297619047619048 0.046296296296296294
0 0.7578125 0.5628306878306878 0.027529761904761904 0.056878306878306875
0 0.8411458333333334 0.5866402116402116 0.03050595238095238 0.06481481481481481
0 0.8902529761904762 0.6382275132275133 0.04241071428571429 0.08068783068783068
0 0.4226190476190476 0.5529100529100529 0.022321428571428572 0.03968253968253968
0 0.9326636904761905 0.5694444444444444 0.036458333333333336 0.0701058201058201
0 0.5617559523809523 0.5205026455026455 0.03273809523809524 0.062169312169312166
0 0.9043898809523809 0.832010582010582 0.08110119047619048 0.15343915343915343
0 0.8169642857142857 0.5403439153439153 0.02976190476190476 0.05952380952380952
0 0.37016369047619047 0.546957671957672 0.018601190476190476 0.03306878306878307
0 0.16220238095238096 0.6917989417989417 0.06398809523809523 0.12698412698412698
0 0.9635416666666666 0.6342592592592593 0.043154761904761904 0.08333333333333333
0 0.7797619047619048 0.6256613756613757 0.041666666666666664 0.07936507936507936
0 0.029017857142857144 0.6349206349206349 0.049107142857142856 0.10052910052910052
0 0.3958333333333333 0.5912698412698413 0.028273809523809524 0.05026455026455026
0 0.6837797619047619 0.6593915343915344 0.041666666666666664 0.07275132275132275
0 0.6000744047619048 0.7777777777777778 0.057291666666666664 0.12169312169312169