0 0.814453125 0.5443632567849687 0.02421875 0.03653444676409186
0 0.58515625 0.5104384133611691 0.01875 0.025052192066805846
0 0.8328125 0.5297494780793319 0.0203125 0.030271398747390398
0 0.33359375 0.5600208768267223 0.0265625 0.03653444676409186
0 0.545703125 0.5610647181628392 0.04609375 0.06784968684759916
0 0.542578125 0.5182672233820459 0.03046875 0.04279749478079332
0 0.1203125 0.5913361169102297 0.0359375 0.05741127348643006
0 0.950390625 0.5448851774530271 0.02890625 0.04592901878914405
0 0.034765625 0.5803757828810021 0.05078125 0.07515657620041753
0 0.903125 0.5438413361169102 0.0359375 0.037578288100208766
0 0.6984375 0.592901878914405 0.040625 0.054279749478079335
0 0.2515625 0.6174321503131524 0.05625 0.0824634655532359
0 0.2359375 0.5140918580375783 0.025 0.03653444676409186
0 0.534375 0.5 0.01875 0.027139874739039668
0 0.57421875 0.5229645093945721 0.0234375 0.033402922755741124
0 0.384375 0.5020876826722338 0.0265625 0.037578288100208766
0 0.787890625 0.569937369519833 0.04453125 0.05636743215031315
0 0.96484375 0.5281837160751566 0.028125 0.037578288100208766
0 0.0734375 0.552713987473904 0.03125 0.0511482254697286
0 0.26875 0.6675365344467641 0.06875 0.10334029227557412
0 0.66171875 0.6080375782881002 0.071875 0.09498956158663883
0 0.154296875 0.5480167014613778 0.03828125 0.05845511482254697
0 0.73828125 0.5151356993736952 0.028125 0.03653444676409186
0 0.389453125 0.6299582463465553 0.04765625 0.07411273486430063
0 0.6953125 0.5224425887265136 0.021875 0.03444676409185804
0 0.283984375 0.5469728601252609 0.03203125 0.04384133611691023
0 0.862890625 0.5318371607515657 0.02578125 0.03653444676409186
0 0.197265625 0.5125260960334029 0.03203125 0.04384133611691023
0 0.62578125 0.5135699373695198 0.028125 0.04592901878914405