0 0.7760416666666666 0.4914021164021164 0.019345238095238096 0.041005291005291
0 0.9810267857142857 0.6501322751322751 0.03794642857142857 0.09391534391534391
0 0.6305803571428571 0.4808201058201058 0.01711309523809524 0.03306878306878307
0 0.7057291666666666 0.5066137566137566 0.024553571428571428 0.047619047619047616
0 0.23660714285714285 0.5535714285714286 0.020833333333333332 0.03835978835978836
0 0.6622023809523809 0.5099206349206349 0.017857142857142856 0.03835978835978836
0 0.30691964285714285 0.5264550264550265 0.023065476190476192 0.047619047619047616
0 0.5714285714285714 0.498015873015873 0.019345238095238096 0.03306878306878307
0 0.19308035714285715 0.5343915343915344 0.024553571428571428 0.047619047619047616
0 0.6569940476190477 0.4775132275132275 0.017857142857142856 0.037037037037037035
0 0.6283482142857143 0.5092592592592593 0.021577380952380952 0.04497354497354497
0 0.35714285714285715 0.5099206349206349 0.022321428571428572 0.04365079365079365
0 0.8370535714285714 0.5436507936507936 0.025297619047619048 0.047619047619047616
0 0.7626488095238095 0.5403439153439153 0.022321428571428572 0.046296296296296294
0 0.19605654761904762 0.7506613756613757 0.07366071428571429 0.13095238095238096
0 0.5963541666666666 0.5046296296296297 0.018601190476190476 0.03835978835978836
0 0.34375 0.7427248677248677 0.05952380952380952 0.11507936507936507
0 0.04836309523809524 0.7883597883597884 0.07738095238095238 0.15608465608465608