0 0.724292 0.658281 0.080189 0.138365
0 0.857547 0.598532 0.082547 0.144654
0 0.780896 0.480084 0.051887 0.100629
0 0.686557 0.492662 0.058962 0.083857
0 0.575118 0.509434 0.057783 0.092243
0 0.441274 0.540881 0.042453 0.088050
0 0.291509 0.525157 0.054245 0.081761
0 0.228420 0.431866 0.041274 0.071279
0 0.315094 0.435010 0.054245 0.069182
0 0.399410 0.436059 0.043632 0.062893
0 0.507311 0.422432 0.033019 0.069182
0 0.608137 0.411950 0.045991 0.064990
0 0.618160 0.339623 0.049528 0.062893
0 0.563915 0.357442 0.033019 0.044025
0 0.509690 0.347370 0.029225 0.055601
0 0.446626 0.365144 0.030250 0.054690
0 0.383306 0.354207 0.029737 0.054690
0 0.313833 0.359676 0.035377 0.051044
0 0.255230 0.379273 0.032814 0.057424
0 0.256511 0.331419 0.029225 0.040106
0 0.320601 0.332786 0.032301 0.039194
0 0.299580 0.317291 0.022047 0.046486
0 0.241643 0.310455 0.027174 0.040106
0 0.307527 0.285845 0.026661 0.038283
0 0.342135 0.309088 0.025123 0.039194
0 0.352133 0.289035 0.025636 0.039194
0 0.384178 0.303619 0.022047 0.042840
0 0.399559 0.293592 0.018970 0.044663
0 0.438013 0.331875 0.022047 0.044663
0 0.425708 0.304074 0.018970 0.036460
0 0.434680 0.288123 0.018458 0.030079
0 0.470057 0.299061 0.021534 0.048309
0 0.516715 0.293592 0.030763 0.044663
0 0.483901 0.289490 0.014356 0.038283
0 0.554655 0.316380 0.021534 0.050132
0 0.495950 0.333698 0.023072 0.037371
0 0.138208 0.207547 0.044811 0.075472
0 0.019104 0.398323 0.030660 0.083857
0 0.073349 0.372117 0.042453 0.077568
0 0.100752 0.314072 0.027270 0.040618
0 0.093013 0.291143 0.026533 0.036688
0 0.039210 0.277385 0.029481 0.035377
0 0.029629 0.316038 0.035377 0.044549
0 0.010466 0.308176 0.020637 0.070755
0 0.017762 0.498166 0.035524 0.115304