0 0.079835 0.517820 0.048349 0.109015
0 0.131132 0.541929 0.063679 0.098532
0 0.229009 0.579665 0.066038 0.111111
0 0.319811 0.578616 0.058962 0.129979
0 0.228420 0.475891 0.038915 0.075472
0 0.212199 0.309923 0.017689 0.026788
0 0.240369 0.308758 0.025550 0.033776
0 0.284919 0.493944 0.032102 0.068717
0 0.385155 0.520149 0.029481 0.074540
0 0.461150 0.530631 0.042584 0.097834
0 0.541077 0.545772 0.039963 0.083857
0 0.623624 0.543443 0.030791 0.093175
0 0.607246 0.486956 0.024240 0.066387
0 0.466719 0.448521 0.023585 0.064058
0 0.398257 0.450268 0.030791 0.065222
0 0.340605 0.432215 0.036032 0.064058
0 0.443134 0.421733 0.027516 0.047752
0 0.490632 0.404263 0.021619 0.036105
0 0.491942 0.436292 0.030791 0.055905
0 0.532560 0.399604 0.020309 0.036105
0 0.543370 0.419986 0.023585 0.060564
0 0.562041 0.380969 0.024240 0.047752
0 0.574817 0.413580 0.023585 0.043093
0 0.594471 0.442115 0.028826 0.055905
0 0.591850 0.392034 0.019654 0.041929
0 0.651675 0.477337 0.026025 0.042652
0 0.703928 0.479867 0.025618 0.078074
0 0.738899 0.467578 0.023992 0.065062
0 0.625651 0.418058 0.017892 0.049881
0 0.618534 0.384082 0.017485 0.025302
0 0.618128 0.363117 0.015859 0.028193
0 0.651472 0.383720 0.019925 0.040483
0 0.679327 0.382636 0.013012 0.033977
0 0.726903 0.419143 0.023585 0.043375
0 0.686646 0.418420 0.030904 0.044820
0 0.689493 0.386612 0.023585 0.034700
0 0.729140 0.384443 0.024805 0.030362
0 0.765330 0.371431 0.023992 0.034700
0 0.761264 0.403600 0.020738 0.036868
0 0.777529 0.433962 0.028871 0.054218
0 0.806604 0.386250 0.025211 0.028193
0 0.807620 0.415528 0.025618 0.043375
0 0.863939 0.313959 0.039037 0.070122
0 0.926155 0.543483 0.035784 0.086749
0 0.962345 0.505530 0.039037 0.058556
0 0.951976 0.426733 0.023992 0.046989
0 0.970682 0.458903 0.036191 0.056387
0 0.985083 0.699686 0.029834 0.118449