0 0.7674851190476191 0.6878306878306878 0.03050595238095238 0.05026455026455026
0 0.26450892857142855 0.6349206349206349 0.021577380952380952 0.04497354497354497
0 0.8195684523809523 0.6316137566137566 0.023065476190476192 0.04365079365079365
0 0.328125 0.6137566137566137 0.025297619047619048 0.047619047619047616
0 0.6320684523809523 0.6124338624338624 0.021577380952380952 0.03968253968253968
0 0.22395833333333334 0.6078042328042328 0.023809523809523808 0.041005291005291
0 0.38578869047619047 0.5978835978835979 0.020089285714285716 0.042328042328042326
0 0.44382440476190477 0.621031746031746 0.026041666666666668 0.04894179894179894
0 0.6670386904761905 0.5879629629629629 0.020089285714285716 0.03571428571428571
0 0.5993303571428571 0.6031746031746031 0.021577380952380952 0.037037037037037035
0 0.8634672619047619 0.6375661375661376 0.024553571428571428 0.042328042328042326
0 0.17894345238095238 0.6521164021164021 0.031994047619047616 0.06878306878306878
0 0.7991071428571429 0.6044973544973545 0.025297619047619048 0.047619047619047616
0 0.6945684523809523 0.5859788359788359 0.020089285714285716 0.037037037037037035
0 0.7578125 0.6117724867724867 0.023065476190476192 0.041005291005291
0 0.7135416666666666 0.6064814814814815 0.019345238095238096 0.03306878306878307
0 0.8727678571428571 0.7572751322751323 0.043154761904761904 0.08333333333333333
0 0.7771577380952381 0.6388888888888888 0.029017857142857144 0.05555555555555555
0 0.4244791666666667 0.7632275132275133 0.05282738095238095 0.09259259259259259
0 0.21688988095238096 0.7698412698412699 0.058779761904761904 0.10846560846560846
0 0.34486607142857145 0.7665343915343915 0.04836309523809524 0.09391534391534391
0 0.04203869047619048 0.826058201058201 0.07663690476190477 0.16005291005291006