0 0.14211309523809523 0.33465608465608465 0.013392857142857142 0.026455026455026454
0 0.5044642857142857 0.3478835978835979 0.01636904761904762 0.03439153439153439
0 0.37723214285714285 0.35119047619047616 0.019345238095238096 0.041005291005291
0 0.484375 0.3273809523809524 0.011904761904761904 0.022486772486772486
0 0.41629464285714285 0.3472222222222222 0.015625 0.03306878306878307
0 0.39248511904761907 0.33796296296296297 0.012648809523809524 0.022486772486772486
0 0.5055803571428571 0.32671957671957674 0.011160714285714286 0.021164021164021163
0 0.5911458333333334 0.37632275132275134 0.014136904761904762 0.03042328042328042
0 0.5863095238095238 0.35978835978835977 0.01488095238095238 0.037037037037037035
0 0.5498511904761905 0.3776455026455027 0.01636904761904762 0.03835978835978836
0 0.2615327380952381 0.3287037037037037 0.01711309523809524 0.03042328042328042
0 0.19605654761904762 0.3333333333333333 0.01711309523809524 0.031746031746031744
0 0.07180059523809523 0.34523809523809523 0.023065476190476192 0.04497354497354497
0 0.22842261904761904 0.3353174603174603 0.017857142857142856 0.03042328042328042
0 0.5327380952380952 0.3472222222222222 0.017857142857142856 0.03571428571428571
0 0.013764880952380952 0.44113756613756616 0.027529761904761904 0.05952380952380952
0 0.4486607142857143 0.335978835978836 0.017857142857142856 0.031746031746031744
0 0.08556547619047619 0.3716931216931217 0.019345238095238096 0.037037037037037035
0 0.4817708333333333 0.33994708994708994 0.014136904761904762 0.026455026455026454
0 0.16294642857142858 0.33134920634920634 0.01636904761904762 0.03571428571428571
0 0.7392113095238095 0.4675925925925926 0.03794642857142857 0.062169312169312166
0 0.2630208333333333 0.35714285714285715 0.027529761904761904 0.05555555555555555
0 0.1956845238095238 0.35714285714285715 0.019345238095238096 0.03968253968253968
0 0.5613839285714286 0.33465608465608465 0.015625 0.0291005291005291
0 0.1171875 0.4246031746031746 0.03050595238095238 0.0582010582010582
0 0.6212797619047619 0.4173280423280423 0.025297619047619048 0.04365079365079365
0 0.2421875 0.3915343915343915 0.021577380952380952 0.042328042328042326
0 0.7853422619047619 0.5198412698412699 0.046875 0.08994708994708994
0 0.42857142857142855 0.42724867724867727 0.026785714285714284 0.05555555555555555
0 0.36941964285714285 0.4193121693121693 0.03050595238095238 0.0582010582010582
0 0.13355654761904762 0.32275132275132273 0.012648809523809524 0.023809523809523808
0 0.27529761904761907 0.27380952380952384 0.023809523809523808 0.04497354497354497
0 0.42224702380952384 0.33465608465608465 0.012648809523809524 0.023809523809523808
0 0.6722470238095238 0.46825396825396826 0.031994047619047616 0.06613756613756613
0 0.4758184523809524 0.42394179894179895 0.026041666666666668 0.051587301587301584
0 0.38504464285714285 0.39021164021164023 0.020089285714285716 0.042328042328042326
0 0.4330357142857143 0.3888888888888889 0.019345238095238096 0.03968253968253968
0 0.14657738095238096 0.460978835978836 0.03869047619047619 0.07539682539682539
0 0.40773809523809523 0.4742063492063492 0.03273809523809524 0.06746031746031746
0 0.5037202380952381 0.4808201058201058 0.03273809523809524 0.062169312169312166
0 0.043154761904761904 0.3869047619047619 0.03422619047619048 0.0701058201058201
0 0.11086309523809523 0.3888888888888889 0.025297619047619048 0.04497354497354497
0 0.6209077380952381 0.36574074074074076 0.021577380952380952 0.041005291005291
0 0.6856398809523809 0.5813492063492064 0.058779761904761904 0.10714285714285714
0 0.16592261904761904 0.40674603174603174 0.02976190476190476 0.056878306878306875
0 0.5487351190476191 0.416005291005291 0.024553571428571428 0.05423280423280423
0 0.11011904761904762 0.34325396825396826 0.023809523809523808 0.041005291005291
0 0.5915178571428571 0.4642857142857143 0.025297619047619048 0.0582010582010582
0 0.5119047619047619 0.3783068783068783 0.01636904761904762 0.03968253968253968
0 0.13839285714285715 0.3637566137566138 0.01488095238095238 0.031746031746031744
0 0.46726190476190477 0.37103174603174605 0.01636904761904762 0.03306878306878307
0 0.20572916666666666 0.40145502645502645 0.027529761904761904 0.056878306878306875
0 0.047619047619047616 0.49933862433862436 0.044642857142857144 0.08862433862433862