0 0.9847470238095238 0.6640211640211641 0.03050595238095238 0.07407407407407407
0 0.6964285714285714 0.5734126984126984 0.022321428571428572 0.046296296296296294
0 0.19382440476190477 0.7003968253968254 0.04836309523809524 0.08862433862433862
0 0.34226190476190477 0.5734126984126984 0.019345238095238096 0.03571428571428571
0 0.8839285714285714 0.5879629629629629 0.03273809523809524 0.062169312169312166
0 0.4148065476190476 0.5734126984126984 0.01711309523809524 0.03042328042328042
0 0.4583333333333333 0.5687830687830688 0.022321428571428572 0.042328042328042326
0 0.7436755952380952 0.5873015873015873 0.023065476190476192 0.042328042328042326
0 0.8504464285714286 0.5522486772486772 0.026785714285714284 0.04894179894179894
0 0.7924107142857143 0.5873015873015873 0.06101190476190476 0.10317460317460317
0 0.5520833333333334 0.5132275132275133 0.02976190476190476 0.06084656084656084
0 0.12313988095238096 0.6759259259259259 0.04836309523809524 0.09523809523809523
0 0.047619047619047616 0.6706349206349206 0.047619047619047616 0.09259259259259259
0 0.6982886904761905 0.6455026455026455 0.033482142857142856 0.06613756613756613