0 0.358726 0.685535 0.051887 0.104822
0 0.514387 0.663522 0.042453 0.102725
0 0.619340 0.633124 0.047170 0.096436
0 0.678302 0.518868 0.054245 0.106918
0 0.721344 0.526205 0.057783 0.109015
0 0.545294 0.622642 0.030553 0.040023
0 0.510988 0.575472 0.034841 0.054317
0 0.487404 0.594054 0.033769 0.068611
0 0.359831 0.544502 0.021977 0.068611
0 0.387704 0.518773 0.031625 0.055270
0 0.413701 0.500667 0.024657 0.045740
0 0.286878 0.570707 0.030017 0.065752
0 0.194147 0.558319 0.026801 0.052411
0 0.224432 0.526873 0.023049 0.056223
0 0.271870 0.533543 0.033233 0.044787
0 0.212639 0.483514 0.021977 0.032399
0 0.157837 0.535559 0.030842 0.059668
0 0.091165 0.479116 0.051705 0.088695