0 0.08333333333333333 0.49074074074074076 0.017361111111111112 0.03009259259259259
0 0.3602430555555556 0.4635416666666667 0.020833333333333332 0.02662037037037037
0 0.3441840277777778 0.4600694444444444 0.018229166666666668 0.024305555555555556
0 0.6497395833333334 0.6915509259259259 0.0720486111111111 0.08912037037037036
0 0.7625868055555556 0.5364583333333334 0.0390625 0.061342592592592594
0 0.13151041666666666 0.44733796296296297 0.030381944444444444 0.04282407407407408
0 0.28125 0.46412037037037035 0.020833333333333332 0.027777777777777776
0 0.6788194444444444 0.5480324074074074 0.08159722222222222 0.1099537037037037
0 0.3298611111111111 0.4832175925925926 0.029513888888888888 0.04513888888888889
0 0.9735243055555556 0.4149305555555556 0.030381944444444444 0.03819444444444445
0 0.18850694444444444 0.5223726851851852 0.15827256944444443 0.2098842592592593
0 0.044270833333333336 0.47974537037037035 0.07291666666666667 0.10069444444444445
0 0.9192708333333334 0.5893171296296297 0.16144965277777767 0.3407175925925926
0 0.3589409722222222 0.5214120370370371 0.04600694444444445 0.09375
0 0.40625 0.46296296296296297 0.017361111111111112 0.023148148148148147
0 0.5737847222222222 0.47800925925925924 0.03298611111111111 0.041666666666666664
0 0.4479166666666667 0.5804398148148148 0.0954861111111111 0.13078703703703703
0 0.2938368055555556 0.5277777777777778 0.0703125 0.09259259259259259
0 0.4236111111111111 0.47800925925925924 0.020833333333333332 0.032407407407407406
0 0.6901041666666666 0.44039351851851855 0.07118055555555555 0.09375
0 0.1032986111111111 0.4583333333333333 0.027777777777777776 0.034722222222222224
0 0.7894965277777778 0.48148148148148145 0.026909722222222224 0.037037037037037035
0 0.5182291666666666 0.46585648148148145 0.017361111111111112 0.02662037037037037
0 0.4535590277777778 0.47280092592592593 0.018229166666666668 0.019675925925925927