0 0.050354 0.828092 0.062500 0.159329
0 0.214858 0.772537 0.063679 0.115304
0 0.181250 0.644654 0.043632 0.085954
0 0.221934 0.609015 0.035377 0.056604
0 0.260935 0.625024 0.023585 0.037164
0 0.329813 0.608824 0.026265 0.035258
0 0.386364 0.593577 0.023585 0.029541
0 0.445326 0.621212 0.033233 0.044787
0 0.345445 0.773978 0.050855 0.087788
0 0.425044 0.756289 0.059699 0.096960
0 0.569575 0.620458 0.023585 0.027079
0 0.598811 0.601240 0.018180 0.039308
0 0.632960 0.608665 0.022602 0.031447
0 0.667355 0.588138 0.022602 0.041055
0 0.696590 0.585954 0.020145 0.043676
0 0.716244 0.614343 0.029972 0.044549
0 0.759729 0.614343 0.024568 0.046296
0 0.799037 0.607792 0.025550 0.050664
0 0.781594 0.639238 0.029972 0.047170
0 0.769310 0.674616 0.035869 0.051537
0 0.821639 0.641422 0.034395 0.051537
0 0.867581 0.633997 0.035869 0.055905
0 0.876671 0.753843 0.043239 0.085604