0 0.122877 0.687631 0.094340 0.184486
0 0.373467 0.705451 0.114387 0.182390
0 0.753774 0.705451 0.087264 0.153040
0 0.859316 0.722222 0.081368 0.148847
0 0.731368 0.542977 0.047170 0.092243
0 0.614033 0.526205 0.048349 0.075472
0 0.493750 0.532495 0.055425 0.079665
0 0.392335 0.529350 0.055425 0.069182
0 0.251415 0.528302 0.056604 0.079665
0 0.155307 0.509434 0.062500 0.075472
0 0.302123 0.452967 0.042453 0.062620
0 0.291940 0.409808 0.025636 0.038283
0 0.329112 0.405250 0.026148 0.045575
0 0.328087 0.376538 0.024098 0.010026
0 0.380127 0.392945 0.022559 0.037371
0 0.397816 0.382007 0.019996 0.042840
0 0.418324 0.397047 0.030250 0.052867
0 0.436269 0.383374 0.016920 0.040106
0 0.458573 0.389755 0.019483 0.036460
0 0.467289 0.418923 0.026661 0.045575
0 0.483952 0.389755 0.015894 0.030991
0 0.509331 0.369246 0.018458 0.022787
0 0.511639 0.397503 0.019996 0.035548
0 0.530609 0.416644 0.028199 0.053778
0 0.564192 0.390211 0.021534 0.037371
0 0.637510 0.464042 0.028712 0.048309
0 0.550349 0.456750 0.029737 0.053778
0 0.454984 0.462674 0.028712 0.056513
0 0.383203 0.456294 0.036916 0.061982
0 0.686526 0.378361 0.022559 0.042840
0 0.712674 0.380184 0.019483 0.037371
0 0.731132 0.397958 0.029737 0.041929
0 0.778302 0.393857 0.023585 0.039194
0 0.813936 0.407073 0.033326 0.051044
0 0.879050 0.418467 0.031276 0.050132
0 0.932886 0.418011 0.028199 0.051044
0 0.994001 0.459940 0.011998 0.076565
0 0.985952 0.399781 0.022559 0.047398
0 0.956983 0.402060 0.026148 0.041017
0 0.898790 0.393857 0.026661 0.041017
0 0.864951 0.388843 0.024610 0.036460
0 0.848288 0.382919 0.026148 0.042840
0 0.811116 0.377905 0.016407 0.018230
0 0.826241 0.378361 0.013843 0.026433
0 0.791889 0.372436 0.019996 0.018230