0 0.379953 0.744235 0.049528 0.109015
0 0.587500 0.819706 0.047170 0.125786
0 0.749057 0.861635 0.068396 0.142558
0 0.856368 0.901468 0.068396 0.142558
0 0.579835 0.631027 0.036557 0.067086
0 0.660613 0.664570 0.028302 0.079665
0 0.726651 0.684486 0.037736 0.069182
0 0.704245 0.600629 0.030660 0.056604
0 0.635849 0.580713 0.033019 0.050314
0 0.572170 0.572327 0.025943 0.050314
0 0.056250 0.425577 0.041274 0.058700
0 0.132311 0.475891 0.025943 0.050314
0 0.211321 0.493711 0.035377 0.048218
0 0.270283 0.498952 0.028302 0.075472
0 0.502005 0.551363 0.029481 0.058700
0 0.540330 0.568134 0.023585 0.054507
0 0.595827 0.549722 0.018970 0.048309
0 0.635562 0.550178 0.026661 0.034637
0 0.450472 0.557470 0.020509 0.029168
0 0.367925 0.515085 0.034865 0.066539