0 0.2261904761904762 0.4576719576719577 0.01636904761904762 0.037037037037037035
0 0.6149553571428571 0.45436507936507936 0.012648809523809524 0.027777777777777776
0 0.5249255952380952 0.460978835978836 0.012648809523809524 0.03306878306878307
0 0.5747767857142857 0.455026455026455 0.012648809523809524 0.023809523809523808
0 0.29501488095238093 0.45105820105820105 0.015625 0.0291005291005291
0 0.5431547619047619 0.4398148148148148 0.010416666666666666 0.022486772486772486
0 0.5837053571428571 0.43783068783068785 0.014136904761904762 0.031746031746031744
0 0.3255208333333333 0.4451058201058201 0.018601190476190476 0.03042328042328042
0 0.4791666666666667 0.45105820105820105 0.013392857142857142 0.026455026455026454
0 0.2347470238095238 0.4556878306878307 0.014136904761904762 0.027777777777777776
0 0.38318452380952384 0.45701058201058203 0.023809523809523808 0.046296296296296294
0 0.31436011904761907 0.4384920634920635 0.015625 0.03042328042328042
0 0.5182291666666666 0.4384920634920635 0.011160714285714286 0.01984126984126984
0 0.5892857142857143 0.4708994708994709 0.01636904761904762 0.026455026455026454
0 0.49441964285714285 0.4305555555555556 0.012648809523809524 0.01984126984126984
0 0.6804315476190477 0.455026455026455 0.014136904761904762 0.0291005291005291
0 0.21763392857142858 0.4636243386243386 0.012648809523809524 0.03306878306878307
0 0.6603422619047619 0.4623015873015873 0.012648809523809524 0.02513227513227513
0 0.21242559523809523 0.44246031746031744 0.014136904761904762 0.027777777777777776
0 0.5967261904761905 0.4417989417989418 0.011904761904761904 0.023809523809523808
0 0.27157738095238093 0.4537037037037037 0.01488095238095238 0.026455026455026454
0 0.5688244047619048 0.4708994708994709 0.015625 0.0291005291005291
0 0.4021577380952381 0.5667989417989417 0.03050595238095238 0.05952380952380952
0 0.6279761904761905 0.453042328042328 0.017857142857142856 0.03306878306878307
0 0.5602678571428571 0.44246031746031744 0.013392857142857142 0.03042328042328042
0 0.23921130952380953 0.5257936507936508 0.026041666666666668 0.051587301587301584
0 0.2853422619047619 0.44312169312169314 0.012648809523809524 0.023809523809523808
0 0.1558779761904762 0.44775132275132273 0.020089285714285716 0.03571428571428571
0 0.8013392857142857 0.5026455026455027 0.01636904761904762 0.031746031746031744
0 0.5985863095238095 0.49603174603174605 0.01711309523809524 0.03968253968253968
0 0.4568452380952381 0.4470899470899471 0.01488095238095238 0.031746031746031744
0 0.35193452380952384 0.44576719576719576 0.01636904761904762 0.0291005291005291
0 0.49813988095238093 0.4722222222222222 0.020089285714285716 0.04497354497354497
0 0.38578869047619047 0.5 0.024553571428571428 0.04497354497354497
0 0.30691964285714285 0.48148148148148145 0.021577380952380952 0.042328042328042326
0 0.18526785714285715 0.4470899470899471 0.017857142857142856 0.031746031746031744
0 0.9267113095238095 0.5138888888888888 0.03050595238095238 0.05423280423280423
0 0.5435267857142857 0.4748677248677249 0.012648809523809524 0.0291005291005291
0 0.8244047619047619 0.49272486772486773 0.022321428571428572 0.03835978835978836
0 0.4270833333333333 0.38425925925925924 0.017857142857142856 0.03571428571428571
0 0.640625 0.5985449735449735 0.046130952380952384 0.08597883597883597
0 0.3567708333333333 0.48478835978835977 0.01711309523809524 0.03835978835978836
0 0.17522321428571427 0.6038359788359788 0.04241071428571429 0.10185185185185185
0 0.6246279761904762 0.48214285714285715 0.01711309523809524 0.03571428571428571
0 0.2537202380952381 0.44841269841269843 0.01488095238095238 0.0291005291005291
0 0.7213541666666666 0.47883597883597884 0.020089285714285716 0.037037037037037035
0 0.7042410714285714 0.5138888888888888 0.023065476190476192 0.04365079365079365
0 0.5368303571428571 0.6329365079365079 0.057291666666666664 0.10185185185185185
0 0.5215773809523809 0.5456349206349206 0.028273809523809524 0.056878306878306875
0 0.6908482142857143 0.4801587301587302 0.015625 0.03439153439153439
0 0.7366071428571429 0.5066137566137566 0.019345238095238096 0.03968253968253968
0 0.31882440476190477 0.5271164021164021 0.026041666666666668 0.05423280423280423
0 0.2496279761904762 0.49603174603174605 0.020089285714285716 0.037037037037037035
0 0.26599702380952384 0.5701058201058201 0.03794642857142857 0.07936507936507936
0 0.44754464285714285 0.49404761904761907 0.024553571428571428 0.05423280423280423
0 0.27492559523809523 0.48478835978835977 0.01711309523809524 0.03571428571428571
0 0.46391369047619047 0.542989417989418 0.03050595238095238 0.056878306878306875
0 0.4021577380952381 0.6851851851851852 0.061755952380952384 0.12169312169312169
0 0.2425595238095238 0.7268518518518519 0.08779761904761904 0.167989417989418
0 0.18191964285714285 0.5 0.027529761904761904 0.05555555555555555
0 0.7734375 0.4966931216931217 0.018601190476190476 0.03571428571428571
0 0.6506696428571429 0.4914021164021164 0.018601190476190476 0.03835978835978836
0 0.14508928571428573 0.5383597883597884 0.03422619047619048 0.07407407407407407
0 0.5740327380952381 0.5191798941798942 0.03050595238095238 0.056878306878306875