0 0.840625 0.5772442588726514 0.0328125 0.04801670146137787
0 0.0734375 0.558455114822547 0.0234375 0.03966597077244259
0 0.101953125 0.5683716075156576 0.03359375 0.0511482254697286
0 0.661328125 0.5798538622129437 0.05546875 0.07828810020876827
0 0.501171875 0.5234864300626305 0.01796875 0.024008350730688934
0 0.453515625 0.5485386221294363 0.03984375 0.059498956158663886
0 0.540234375 0.524008350730689 0.01796875 0.025052192066805846
0 0.269921875 0.6315240083507306 0.05546875 0.07515657620041753
0 0.74609375 0.5793319415448852 0.034375 0.054279749478079335
0 0.318359375 0.5281837160751566 0.03046875 0.04384133611691023
0 0.979296875 0.5897703549060542 0.04140625 0.06680584551148225
0 0.5796875 0.5323590814196242 0.025 0.033402922755741124
0 0.501171875 0.5485386221294363 0.02421875 0.03444676409185804
0 0.866796875 0.56419624217119 0.03046875 0.05323590814196242
0 0.72109375 0.5427974947807933 0.0296875 0.037578288100208766
0 0.514453125 0.6555323590814196 0.05234375 0.07724425887265135
0 0.036328125 0.5631524008350731 0.03359375 0.05741127348643006
0 0.539453125 0.5673277661795407 0.04140625 0.05323590814196242
0 0.430078125 0.6487473903966597 0.06953125 0.08455114822546973