0 0.7418154761904762 0.5317460317460317 0.01636904761904762 0.03439153439153439
0 0.25186011904761907 0.5363756613756614 0.011160714285714286 0.022486772486772486
0 0.6744791666666666 0.5152116402116402 0.011160714285714286 0.022486772486772486
0 0.7072172619047619 0.5224867724867724 0.018601190476190476 0.03439153439153439
0 0.6569940476190477 0.5046296296296297 0.010416666666666666 0.01984126984126984
0 0.37202380952380953 0.5363756613756614 0.025297619047619048 0.041005291005291
0 0.28422619047619047 0.5317460317460317 0.01636904761904762 0.031746031746031744
0 0.7674851190476191 0.4887566137566138 0.027529761904761904 0.04894179894179894
0 0.5974702380952381 0.5119047619047619 0.013392857142857142 0.026455026455026454
0 0.4296875 0.5879629629629629 0.027529761904761904 0.04894179894179894
0 0.12611607142857142 0.6501322751322751 0.046875 0.09656084656084656